Mejor resultado
Corrida: 1
Instancia: sp_B10.txt
Fitness: 192.000000
ini: 1
dir: 1
salto: 3
chrom: 1 1 0 0 1 0 0 1 1 0 0 1 1 0 1 1 1 0 0 1 1 1 1 0 1 1 1 0 0 1 0 0 1 1 1 1 1 1 0 1 0 0 1 0 0 0 1 0 0 1 1 0 1 0 0 0 0 0 0 0 1 1 1 1 1 1 0 1 0 1 0 0 0 1 0 0 0 1 1 0 0 1 1 0 1 0 1 0 1 1 1 0 0 1 1 0 0 0 1 0 1 1 1 1 1 1 0 0 0 0 1 1 1 0 0 0 0 0 1 0 1 0 0 0 1 0 0 0 1 0 1 1 1 1 0 1 1 0 1 1 1 1 1 0 1 0 1 1 0 1 1 1 0 0 0 1 0 1 0 0 0 0 1 1 0 1 1 1 0 0 1 1 0 1 0 0 1 0 0 1 0 1 0 0 1 1 1 0 1 1 0 1 0 1 0 1 0 1 0 1 
O: 0 12 15 21 24 33 36 39 42 60 63 69 78 81 84 90 93 102 105 111 120 132 135 138 141 144 147 150 162 165 171 186 189 195 199 193 184 181 166 163 157 151 142 139 136 133 130 124 118 112 103 100 94 88 82 73 67 64 61 52 49 46 37 34 25 22 19 16 7 4 1 2 5 17 23 38 41 44 47 53 56 59 68 71 74 80 83 92 95 107 113 116 119 122 125 134 137 143 152 158 161 164 182 194 198 192 183 180 177 174 168 159 156 153 129 126 123 117 114 108 99 96 87 75 72 66 57 54 51 48 45 30 27 18 9 6 3 8 11 14 20 26 29 32 35 50 62 65 77 86 89 98 101 104 110 128 131 140 146 149 155 167 170 173 176 179 185 188 191 197 10 13 28 31 40 43 55 58 70 76 79 85 91 97 106 109 115 121 127 145 148 154 160 169 172 175 178 187 190 196 
R: 1 0 1 1 1 0 1 0 0 1 1 0 0 1 0 0 0 1 0 1 0 0 1 1 0 0 0 0 1 0 1 1 1 0 1 1 0 1 1 1 1 0 0 0 1 0 0 1 1 0 0 0 1 1 0 0 0 1 1 0 1 0 0 1 1 1 0 1 0 1 1 1 0 1 1 0 0 0 1 1 0 1 1 0 1 1 0 1 0 0 0 1 1 0 0 0 0 1 1 0 0 1 1 0 1 0 1 0 1 1 1 1 0 0 1 1 0 1 0 0 1 0 1 0 1 1 0 0 1 1 1 1 1 0 0 0 0 1 1 1 0 1 1 0 0 1 1 0 1 0 0 0 0 1 1 1 0 1 1 1 0 0 1 1 1 0 1 1 1 0 0 0 0 0 0 0 0 0 1 0 1 1 0 0 1 1 0 1 0 0 1 1 0 1 1 1 1 0 0 0 
Piezas: 0,0,3,2;3,0,3,3;6,0,2,3;8,0,2,3;10,0,5,3;15,0,7,2;22,0,2,3;24,0,2,2;0,3,60,25;0,28,13,5;60,0,2,2;62,0,2,2;64,0,5,12;60,2,2,3;60,5,3,3;60,8,2,2;60,10,2,3;62,12,6,4;60,16,9,2;60,18,3,3;63,18,2,3;65,18,2,2;67,18,2,2;13,28,31,16;44,28,13,3;44,31,16,4;65,20,3,2;68,20,2,2;60,21,2,3;62,22,5,2;67,22,3,3;60,24,6,5;66,25,2,2;68,25,2,2;66,27,2,20;0,33,3,2;68,27,2,7;0,35,3,2;0,37,10,3;0,40,4,2;68,34,2,2;68,36,2,2;68,38,2,2;68,40,2,2;0,42,12,3;0,45,7,2;68,42,2,2;0,47,33,13;68,44,2,2;68,46,2,3;0,60,51,3;51,35,5,3;51,38,8,19;59,35,2,2;59,37,5,2;59,39,4,2;59,41,3,3;59,44,2,2;59,46,3,4;62,41,3,2;62,43,2,2;62,45,3,2;0,63,25,3;62,47,2,2;62,49,2,2;64,47,2,2;64,49,2,3;59,52,6,22;66,47,2,2;65,52,5,8;65,60,3,3;0,66,21,3;68,60,2,2;68,62,2,2;0,74,62,3;65,63,2,2;67,64,2,4;0,77,59,18;65,68,3,12;68,68,2,2;68,70,2,2;59,77,3,3;68,72,2,2;0,95,20,2;59,80,3,2;68,74,2,2;68,76,2,3;68,79,2,2;59,82,9,4;68,81,2,2;20,95,32,2;68,83,2,3;59,86,2,2;0,97,34,2;61,86,2,2;59,88,8,3;67,86,2,2;59,91,6,2;67,88,3,2;65,91,4,2;34,97,27,2;61,93,5,7;66,93,2,2;68,93,2,3;66,95,2,2;68,96,2,3;66,97,2,2;66,99,2,2;68,99,2,2;0,99,2,2;0,101,3,14;3,99,3,3;6,99,3,12;9,99,3,2;9,101,5,2;14,99,3,16;17,99,2,2;17,101,2,2;19,99,11,3;30,99,25,2;30,101,3,2;33,101,17,8;50,101,2,13;52,101,3,8;55,99,3,2;55,101,2,2;57,101,2,2;17,109,25,3;59,99,2,6;61,100,2,29;0,115,28,5;63,100,2,2;65,101,2,2;67,101,2,2;63,103,5,3;63,106,3,2;0,120,54,33;68,103,2,3;66,106,3,29;0,153,50,6;54,109,3,3;54,112,3,2;54,114,3,3;54,117,2,2;54,119,3,2;54,121,6,3;54,124,2,4;0,159,48,3;54,128,3,2;54,130,2,2;54,132,2,3;54,135,2,2;0,162,23,2;56,130,2,3;56,133,2,3;58,129,7,2;58,131,2,2;58,133,2,3;60,131,5,2;60,133,2,2;60,135,2,2;62,135,5,3;67,135,2,5;54,137,3,42;57,136,3,2;0,164,31,28;57,138,2,2;57,140,3,8;60,138,3,3;63,138,2,2;63,140,2,2;65,138,2,3;60,142,6,6;67,140,2,2;66,142,2,2;68,142,2,2;66,144,2,8;68,144,2,3;57,148,8,2;68,147,2,11;57,150,2,32;59,150,2,2;59,152,2,3;59,155,5,2;59,157,9,5;68,158,2,2;31,162,17,6;59,162,3,6;62,162,4,2;62,164,8,3;62,167,3,3;65,167,3,14;68,167,2,3;59,168,3,18;62,181,4,4;31,168,11,3;68,170,2,2;62,185,6,2;68,172,2,2;31,171,19,2;
arreglo_altura: 192 192 192 192 192 192 192 192 192 192 192 192 192 192 192 192 192 192 192 192 192 192 192 192 192 192 192 192 192 192 192 173 173 173 173 173 173 173 173 173 173 173 173 173 173 173 173 173 173 173 153 153 153 153 179 179 179 182 182 186 186 186 187 187 187 187 187 187 174 174 
--------------------------------------------------------------------------------------------
