1 C_1_11 30 20 0.9 0.1
1 C_1_11 30 20 0.9 0.1
1 C_1_11 30 20 0.9 0.1
1 C_1_11 30 20 0.9 0.1
1 C_1_11 30 20 0.9 0.1
1 C_1_11 30 20 0.9 0.1
1 C_1_11 30 20 0.9 0.1
1 C_1_11 30 20 0.9 0.1
1 C_1_11 30 20 0.9 0.1
1 C_1_11 30 20 0.9 0.1
1 C_1_12 30 20 0.9 0.1
1 C_1_12 30 20 0.9 0.1
1 C_1_12 30 20 0.9 0.1
1 C_1_12 30 20 0.9 0.1
1 C_1_12 30 20 0.9 0.1
1 C_1_12 30 20 0.9 0.1
1 C_1_12 30 20 0.9 0.1
1 C_1_12 30 20 0.9 0.1
1 C_1_12 30 20 0.9 0.1
1 C_1_12 30 20 0.9 0.1
1 C_1_13 30 20 0.9 0.1
1 C_1_13 30 20 0.9 0.1
1 C_1_13 30 20 0.9 0.1
1 C_1_13 30 20 0.9 0.1
1 C_1_13 30 20 0.9 0.1
1 C_1_13 30 20 0.9 0.1
1 C_1_13 30 20 0.9 0.1
1 C_1_13 30 20 0.9 0.1
1 C_1_13 30 20 0.9 0.1
1 C_1_13 30 20 0.9 0.1
1 C_1_14 30 20 0.9 0.1
1 C_1_14 30 20 0.9 0.1
1 C_1_14 30 20 0.9 0.1
1 C_1_14 30 20 0.9 0.1
1 C_1_14 30 20 0.9 0.1
1 C_1_14 30 20 0.9 0.1
1 C_1_14 30 20 0.9 0.1
1 C_1_14 30 20 0.9 0.1
1 C_1_14 30 20 0.9 0.1
1 C_1_14 30 20 0.9 0.1
1 C_1_15 30 20 0.9 0.1
1 C_1_15 30 20 0.9 0.1
1 C_1_15 30 20 0.9 0.1
1 C_1_15 30 20 0.9 0.1
1 C_1_15 30 20 0.9 0.1
1 C_1_15 30 20 0.9 0.1
1 C_1_15 30 20 0.9 0.1
1 C_1_15 30 20 0.9 0.1
1 C_1_15 30 20 0.9 0.1
1 C_1_15 30 20 0.9 0.1
1 C_1_16 30 20 0.9 0.1
1 C_1_16 30 20 0.9 0.1
1 C_1_16 30 20 0.9 0.1
1 C_1_16 30 20 0.9 0.1
1 C_1_16 30 20 0.9 0.1
1 C_1_16 30 20 0.9 0.1
1 C_1_16 30 20 0.9 0.1
1 C_1_16 30 20 0.9 0.1
1 C_1_16 30 20 0.9 0.1
1 C_1_16 30 20 0.9 0.1
1 C_1_17 30 20 0.9 0.1
1 C_1_17 30 20 0.9 0.1
1 C_1_17 30 20 0.9 0.1
1 C_1_17 30 20 0.9 0.1
1 C_1_17 30 20 0.9 0.1
1 C_1_17 30 20 0.9 0.1
1 C_1_17 30 20 0.9 0.1
1 C_1_17 30 20 0.9 0.1
1 C_1_17 30 20 0.9 0.1
1 C_1_17 30 20 0.9 0.1
1 C_1_18 30 20 0.9 0.1
1 C_1_18 30 20 0.9 0.1
1 C_1_18 30 20 0.9 0.1
1 C_1_18 30 20 0.9 0.1
1 C_1_18 30 20 0.9 0.1
1 C_1_18 30 20 0.9 0.1
1 C_1_18 30 20 0.9 0.1
1 C_1_18 30 20 0.9 0.1
1 C_1_18 30 20 0.9 0.1
1 C_1_18 30 20 0.9 0.1
1 C_1_19 30 20 0.9 0.1
1 C_1_19 30 20 0.9 0.1
1 C_1_19 30 20 0.9 0.1
1 C_1_19 30 20 0.9 0.1
1 C_1_19 30 20 0.9 0.1
1 C_1_19 30 20 0.9 0.1
1 C_1_19 30 20 0.9 0.1
1 C_1_19 30 20 0.9 0.1
1 C_1_19 30 20 0.9 0.1
1 C_1_19 30 20 0.9 0.1
1 C_1_20 30 20 0.9 0.1
1 C_1_20 30 20 0.9 0.1
1 C_1_20 30 20 0.9 0.1
1 C_1_20 30 20 0.9 0.1
1 C_1_20 30 20 0.9 0.1
1 C_1_20 30 20 0.9 0.1
1 C_1_20 30 20 0.9 0.1
1 C_1_20 30 20 0.9 0.1
1 C_1_20 30 20 0.9 0.1
1 C_1_20 30 20 0.9 0.1