1 SP/C_1_1 30 20 0.9 0.1
1 SP/C_1_1 30 20 0.9 0.1
1 SP/C_1_1 30 20 0.9 0.1
1 SP/C_1_1 30 20 0.9 0.1
1 SP/C_1_1 30 20 0.9 0.1
1 SP/C_1_1 30 20 0.9 0.1
1 SP/C_1_1 30 20 0.9 0.1
1 SP/C_1_1 30 20 0.9 0.1
1 SP/C_1_1 30 20 0.9 0.1
1 SP/C_1_1 30 20 0.9 0.1
1 SP/C_1_2 30 20 0.9 0.1
1 SP/C_1_2 30 20 0.9 0.1
1 SP/C_1_2 30 20 0.9 0.1
1 SP/C_1_2 30 20 0.9 0.1
1 SP/C_1_2 30 20 0.9 0.1
1 SP/C_1_2 30 20 0.9 0.1
1 SP/C_1_2 30 20 0.9 0.1
1 SP/C_1_2 30 20 0.9 0.1
1 SP/C_1_2 30 20 0.9 0.1
1 SP/C_1_2 30 20 0.9 0.1
1 SP/C_1_3 30 20 0.9 0.1
1 SP/C_1_3 30 20 0.9 0.1
1 SP/C_1_3 30 20 0.9 0.1
1 SP/C_1_3 30 20 0.9 0.1
1 SP/C_1_3 30 20 0.9 0.1
1 SP/C_1_3 30 20 0.9 0.1
1 SP/C_1_3 30 20 0.9 0.1
1 SP/C_1_3 30 20 0.9 0.1
1 SP/C_1_3 30 20 0.9 0.1
1 SP/C_1_3 30 20 0.9 0.1
1 SP/C_1_4 30 20 0.9 0.1
1 SP/C_1_4 30 20 0.9 0.1
1 SP/C_1_4 30 20 0.9 0.1
1 SP/C_1_4 30 20 0.9 0.1
1 SP/C_1_4 30 20 0.9 0.1
1 SP/C_1_4 30 20 0.9 0.1
1 SP/C_1_4 30 20 0.9 0.1
1 SP/C_1_4 30 20 0.9 0.1
1 SP/C_1_4 30 20 0.9 0.1
1 SP/C_1_4 30 20 0.9 0.1
1 SP/C_1_5 30 20 0.9 0.1
1 SP/C_1_5 30 20 0.9 0.1
1 SP/C_1_5 30 20 0.9 0.1
1 SP/C_1_5 30 20 0.9 0.1
1 SP/C_1_5 30 20 0.9 0.1
1 SP/C_1_5 30 20 0.9 0.1
1 SP/C_1_5 30 20 0.9 0.1
1 SP/C_1_5 30 20 0.9 0.1
1 SP/C_1_5 30 20 0.9 0.1
1 SP/C_1_5 30 20 0.9 0.1
1 SP/C_1_6 30 20 0.9 0.1
1 SP/C_1_6 30 20 0.9 0.1
1 SP/C_1_6 30 20 0.9 0.1
1 SP/C_1_6 30 20 0.9 0.1
1 SP/C_1_6 30 20 0.9 0.1
1 SP/C_1_6 30 20 0.9 0.1
1 SP/C_1_6 30 20 0.9 0.1
1 SP/C_1_6 30 20 0.9 0.1
1 SP/C_1_6 30 20 0.9 0.1
1 SP/C_1_6 30 20 0.9 0.1
1 SP/C_1_7 30 20 0.9 0.1
1 SP/C_1_7 30 20 0.9 0.1
1 SP/C_1_7 30 20 0.9 0.1
1 SP/C_1_7 30 20 0.9 0.1
1 SP/C_1_7 30 20 0.9 0.1
1 SP/C_1_7 30 20 0.9 0.1
1 SP/C_1_7 30 20 0.9 0.1
1 SP/C_1_7 30 20 0.9 0.1
1 SP/C_1_7 30 20 0.9 0.1
1 SP/C_1_7 30 20 0.9 0.1
1 SP/C_1_8 30 20 0.9 0.1
1 SP/C_1_8 30 20 0.9 0.1
1 SP/C_1_8 30 20 0.9 0.1
1 SP/C_1_8 30 20 0.9 0.1
1 SP/C_1_8 30 20 0.9 0.1
1 SP/C_1_8 30 20 0.9 0.1
1 SP/C_1_8 30 20 0.9 0.1
1 SP/C_1_8 30 20 0.9 0.1
1 SP/C_1_8 30 20 0.9 0.1
1 SP/C_1_8 30 20 0.9 0.1
1 SP/C_1_9 30 20 0.9 0.1
1 SP/C_1_9 30 20 0.9 0.1
1 SP/C_1_9 30 20 0.9 0.1
1 SP/C_1_9 30 20 0.9 0.1
1 SP/C_1_9 30 20 0.9 0.1
1 SP/C_1_9 30 20 0.9 0.1
1 SP/C_1_9 30 20 0.9 0.1
1 SP/C_1_9 30 20 0.9 0.1
1 SP/C_1_9 30 20 0.9 0.1
1 SP/C_1_9 30 20 0.9 0.1
1 SP/C_1_10 30 20 0.9 0.1
1 SP/C_1_10 30 20 0.9 0.1
1 SP/C_1_10 30 20 0.9 0.1
1 SP/C_1_10 30 20 0.9 0.1
1 SP/C_1_10 30 20 0.9 0.1
1 SP/C_1_10 30 20 0.9 0.1
1 SP/C_1_10 30 20 0.9 0.1
1 SP/C_1_10 30 20 0.9 0.1
1 SP/C_1_10 30 20 0.9 0.1
1 SP/C_1_10 30 20 0.9 0.1
1 SP/C_1_11 30 20 0.9 0.1
1 SP/C_1_11 30 20 0.9 0.1
1 SP/C_1_11 30 20 0.9 0.1
1 SP/C_1_11 30 20 0.9 0.1
1 SP/C_1_11 30 20 0.9 0.1
1 SP/C_1_11 30 20 0.9 0.1
1 SP/C_1_11 30 20 0.9 0.1
1 SP/C_1_11 30 20 0.9 0.1
1 SP/C_1_11 30 20 0.9 0.1
1 SP/C_1_11 30 20 0.9 0.1
1 SP/C_1_12 30 20 0.9 0.1
1 SP/C_1_12 30 20 0.9 0.1
1 SP/C_1_12 30 20 0.9 0.1
1 SP/C_1_12 30 20 0.9 0.1
1 SP/C_1_12 30 20 0.9 0.1
1 SP/C_1_12 30 20 0.9 0.1
1 SP/C_1_12 30 20 0.9 0.1
1 SP/C_1_12 30 20 0.9 0.1
1 SP/C_1_12 30 20 0.9 0.1
1 SP/C_1_12 30 20 0.9 0.1
1 SP/C_1_13 30 20 0.9 0.1
1 SP/C_1_13 30 20 0.9 0.1
1 SP/C_1_13 30 20 0.9 0.1
1 SP/C_1_13 30 20 0.9 0.1
1 SP/C_1_13 30 20 0.9 0.1
1 SP/C_1_13 30 20 0.9 0.1
1 SP/C_1_13 30 20 0.9 0.1
1 SP/C_1_13 30 20 0.9 0.1
1 SP/C_1_13 30 20 0.9 0.1
1 SP/C_1_13 30 20 0.9 0.1
1 SP/C_1_14 30 20 0.9 0.1
1 SP/C_1_14 30 20 0.9 0.1
1 SP/C_1_14 30 20 0.9 0.1
1 SP/C_1_14 30 20 0.9 0.1
1 SP/C_1_14 30 20 0.9 0.1
1 SP/C_1_14 30 20 0.9 0.1
1 SP/C_1_14 30 20 0.9 0.1
1 SP/C_1_14 30 20 0.9 0.1
1 SP/C_1_14 30 20 0.9 0.1
1 SP/C_1_14 30 20 0.9 0.1
1 SP/C_1_15 30 20 0.9 0.1
1 SP/C_1_15 30 20 0.9 0.1
1 SP/C_1_15 30 20 0.9 0.1
1 SP/C_1_15 30 20 0.9 0.1
1 SP/C_1_15 30 20 0.9 0.1
1 SP/C_1_15 30 20 0.9 0.1
1 SP/C_1_15 30 20 0.9 0.1
1 SP/C_1_15 30 20 0.9 0.1
1 SP/C_1_15 30 20 0.9 0.1
1 SP/C_1_15 30 20 0.9 0.1
1 SP/C_1_16 30 20 0.9 0.1
1 SP/C_1_16 30 20 0.9 0.1
1 SP/C_1_16 30 20 0.9 0.1
1 SP/C_1_16 30 20 0.9 0.1
1 SP/C_1_16 30 20 0.9 0.1
1 SP/C_1_16 30 20 0.9 0.1
1 SP/C_1_16 30 20 0.9 0.1
1 SP/C_1_16 30 20 0.9 0.1
1 SP/C_1_16 30 20 0.9 0.1
1 SP/C_1_16 30 20 0.9 0.1
1 SP/C_1_17 30 20 0.9 0.1
1 SP/C_1_17 30 20 0.9 0.1
1 SP/C_1_17 30 20 0.9 0.1
1 SP/C_1_17 30 20 0.9 0.1
1 SP/C_1_17 30 20 0.9 0.1
1 SP/C_1_17 30 20 0.9 0.1
1 SP/C_1_17 30 20 0.9 0.1
1 SP/C_1_17 30 20 0.9 0.1
1 SP/C_1_17 30 20 0.9 0.1
1 SP/C_1_17 30 20 0.9 0.1
1 SP/C_1_18 30 20 0.9 0.1
1 SP/C_1_18 30 20 0.9 0.1
1 SP/C_1_18 30 20 0.9 0.1
1 SP/C_1_18 30 20 0.9 0.1
1 SP/C_1_18 30 20 0.9 0.1
1 SP/C_1_18 30 20 0.9 0.1
1 SP/C_1_18 30 20 0.9 0.1
1 SP/C_1_18 30 20 0.9 0.1
1 SP/C_1_18 30 20 0.9 0.1
1 SP/C_1_18 30 20 0.9 0.1
1 SP/C_1_19 30 20 0.9 0.1
1 SP/C_1_19 30 20 0.9 0.1
1 SP/C_1_19 30 20 0.9 0.1
1 SP/C_1_19 30 20 0.9 0.1
1 SP/C_1_19 30 20 0.9 0.1
1 SP/C_1_19 30 20 0.9 0.1
1 SP/C_1_19 30 20 0.9 0.1
1 SP/C_1_19 30 20 0.9 0.1
1 SP/C_1_19 30 20 0.9 0.1
1 SP/C_1_19 30 20 0.9 0.1
1 SP/C_1_20 30 20 0.9 0.1
1 SP/C_1_20 30 20 0.9 0.1
1 SP/C_1_20 30 20 0.9 0.1
1 SP/C_1_20 30 20 0.9 0.1
1 SP/C_1_20 30 20 0.9 0.1
1 SP/C_1_20 30 20 0.9 0.1
1 SP/C_1_20 30 20 0.9 0.1
1 SP/C_1_20 30 20 0.9 0.1
1 SP/C_1_20 30 20 0.9 0.1
1 SP/C_1_20 30 20 0.9 0.1
1 SP/C_1_21 30 20 0.9 0.1
1 SP/C_1_21 30 20 0.9 0.1
1 SP/C_1_21 30 20 0.9 0.1
1 SP/C_1_21 30 20 0.9 0.1
1 SP/C_1_21 30 20 0.9 0.1
1 SP/C_1_21 30 20 0.9 0.1
1 SP/C_1_21 30 20 0.9 0.1
1 SP/C_1_21 30 20 0.9 0.1
1 SP/C_1_21 30 20 0.9 0.1
1 SP/C_1_21 30 20 0.9 0.1
1 SP/C_1_22 30 20 0.9 0.1
1 SP/C_1_22 30 20 0.9 0.1
1 SP/C_1_22 30 20 0.9 0.1
1 SP/C_1_22 30 20 0.9 0.1
1 SP/C_1_22 30 20 0.9 0.1
1 SP/C_1_22 30 20 0.9 0.1
1 SP/C_1_22 30 20 0.9 0.1
1 SP/C_1_22 30 20 0.9 0.1
1 SP/C_1_22 30 20 0.9 0.1
1 SP/C_1_22 30 20 0.9 0.1
1 SP/C_1_23 30 20 0.9 0.1
1 SP/C_1_23 30 20 0.9 0.1
1 SP/C_1_23 30 20 0.9 0.1
1 SP/C_1_23 30 20 0.9 0.1
1 SP/C_1_23 30 20 0.9 0.1
1 SP/C_1_23 30 20 0.9 0.1
1 SP/C_1_23 30 20 0.9 0.1
1 SP/C_1_23 30 20 0.9 0.1
1 SP/C_1_23 30 20 0.9 0.1
1 SP/C_1_23 30 20 0.9 0.1
1 SP/C_1_24 30 20 0.9 0.1
1 SP/C_1_24 30 20 0.9 0.1
1 SP/C_1_24 30 20 0.9 0.1
1 SP/C_1_24 30 20 0.9 0.1
1 SP/C_1_24 30 20 0.9 0.1
1 SP/C_1_24 30 20 0.9 0.1
1 SP/C_1_24 30 20 0.9 0.1
1 SP/C_1_24 30 20 0.9 0.1
1 SP/C_1_24 30 20 0.9 0.1
1 SP/C_1_24 30 20 0.9 0.1
1 SP/C_1_25 30 20 0.9 0.1
1 SP/C_1_25 30 20 0.9 0.1
1 SP/C_1_25 30 20 0.9 0.1
1 SP/C_1_25 30 20 0.9 0.1
1 SP/C_1_25 30 20 0.9 0.1
1 SP/C_1_25 30 20 0.9 0.1
1 SP/C_1_25 30 20 0.9 0.1
1 SP/C_1_25 30 20 0.9 0.1
1 SP/C_1_25 30 20 0.9 0.1
1 SP/C_1_25 30 20 0.9 0.1
1 SP/C_1_26 30 20 0.9 0.1
1 SP/C_1_26 30 20 0.9 0.1
1 SP/C_1_26 30 20 0.9 0.1
1 SP/C_1_26 30 20 0.9 0.1
1 SP/C_1_26 30 20 0.9 0.1
1 SP/C_1_26 30 20 0.9 0.1
1 SP/C_1_26 30 20 0.9 0.1
1 SP/C_1_26 30 20 0.9 0.1
1 SP/C_1_26 30 20 0.9 0.1
1 SP/C_1_26 30 20 0.9 0.1
1 SP/C_1_27 30 20 0.9 0.1
1 SP/C_1_27 30 20 0.9 0.1
1 SP/C_1_27 30 20 0.9 0.1
1 SP/C_1_27 30 20 0.9 0.1
1 SP/C_1_27 30 20 0.9 0.1
1 SP/C_1_27 30 20 0.9 0.1
1 SP/C_1_27 30 20 0.9 0.1
1 SP/C_1_27 30 20 0.9 0.1
1 SP/C_1_27 30 20 0.9 0.1
1 SP/C_1_27 30 20 0.9 0.1
1 SP/C_1_28 30 20 0.9 0.1
1 SP/C_1_28 30 20 0.9 0.1
1 SP/C_1_28 30 20 0.9 0.1
1 SP/C_1_28 30 20 0.9 0.1
1 SP/C_1_28 30 20 0.9 0.1
1 SP/C_1_28 30 20 0.9 0.1
1 SP/C_1_28 30 20 0.9 0.1
1 SP/C_1_28 30 20 0.9 0.1
1 SP/C_1_28 30 20 0.9 0.1
1 SP/C_1_28 30 20 0.9 0.1
1 SP/C_1_29 30 20 0.9 0.1
1 SP/C_1_29 30 20 0.9 0.1
1 SP/C_1_29 30 20 0.9 0.1
1 SP/C_1_29 30 20 0.9 0.1
1 SP/C_1_29 30 20 0.9 0.1
1 SP/C_1_29 30 20 0.9 0.1
1 SP/C_1_29 30 20 0.9 0.1
1 SP/C_1_29 30 20 0.9 0.1
1 SP/C_1_29 30 20 0.9 0.1
1 SP/C_1_29 30 20 0.9 0.1
1 SP/C_1_30 30 20 0.9 0.1
1 SP/C_1_30 30 20 0.9 0.1
1 SP/C_1_30 30 20 0.9 0.1
1 SP/C_1_30 30 20 0.9 0.1
1 SP/C_1_30 30 20 0.9 0.1
1 SP/C_1_30 30 20 0.9 0.1
1 SP/C_1_30 30 20 0.9 0.1
1 SP/C_1_30 30 20 0.9 0.1
1 SP/C_1_30 30 20 0.9 0.1
1 SP/C_1_30 30 20 0.9 0.1
1 SP/C_1_31 30 20 0.9 0.1
1 SP/C_1_31 30 20 0.9 0.1
1 SP/C_1_31 30 20 0.9 0.1
1 SP/C_1_31 30 20 0.9 0.1
1 SP/C_1_31 30 20 0.9 0.1
1 SP/C_1_31 30 20 0.9 0.1
1 SP/C_1_31 30 20 0.9 0.1
1 SP/C_1_31 30 20 0.9 0.1
1 SP/C_1_31 30 20 0.9 0.1
1 SP/C_1_31 30 20 0.9 0.1
1 SP/C_1_32 30 20 0.9 0.1
1 SP/C_1_32 30 20 0.9 0.1
1 SP/C_1_32 30 20 0.9 0.1
1 SP/C_1_32 30 20 0.9 0.1
1 SP/C_1_32 30 20 0.9 0.1
1 SP/C_1_32 30 20 0.9 0.1
1 SP/C_1_32 30 20 0.9 0.1
1 SP/C_1_32 30 20 0.9 0.1
1 SP/C_1_32 30 20 0.9 0.1
1 SP/C_1_32 30 20 0.9 0.1
1 SP/C_1_33 30 20 0.9 0.1
1 SP/C_1_33 30 20 0.9 0.1
1 SP/C_1_33 30 20 0.9 0.1
1 SP/C_1_33 30 20 0.9 0.1
1 SP/C_1_33 30 20 0.9 0.1
1 SP/C_1_33 30 20 0.9 0.1
1 SP/C_1_33 30 20 0.9 0.1
1 SP/C_1_33 30 20 0.9 0.1
1 SP/C_1_33 30 20 0.9 0.1
1 SP/C_1_33 30 20 0.9 0.1
1 SP/C_1_34 30 20 0.9 0.1
1 SP/C_1_34 30 20 0.9 0.1
1 SP/C_1_34 30 20 0.9 0.1
1 SP/C_1_34 30 20 0.9 0.1
1 SP/C_1_34 30 20 0.9 0.1
1 SP/C_1_34 30 20 0.9 0.1
1 SP/C_1_34 30 20 0.9 0.1
1 SP/C_1_34 30 20 0.9 0.1
1 SP/C_1_34 30 20 0.9 0.1
1 SP/C_1_34 30 20 0.9 0.1
1 SP/C_1_35 30 20 0.9 0.1
1 SP/C_1_35 30 20 0.9 0.1
1 SP/C_1_35 30 20 0.9 0.1
1 SP/C_1_35 30 20 0.9 0.1
1 SP/C_1_35 30 20 0.9 0.1
1 SP/C_1_35 30 20 0.9 0.1
1 SP/C_1_35 30 20 0.9 0.1
1 SP/C_1_35 30 20 0.9 0.1
1 SP/C_1_35 30 20 0.9 0.1
1 SP/C_1_35 30 20 0.9 0.1
1 SP/C_1_36 30 20 0.9 0.1
1 SP/C_1_36 30 20 0.9 0.1
1 SP/C_1_36 30 20 0.9 0.1
1 SP/C_1_36 30 20 0.9 0.1
1 SP/C_1_36 30 20 0.9 0.1
1 SP/C_1_36 30 20 0.9 0.1
1 SP/C_1_36 30 20 0.9 0.1
1 SP/C_1_36 30 20 0.9 0.1
1 SP/C_1_36 30 20 0.9 0.1
1 SP/C_1_36 30 20 0.9 0.1
1 SP/C_1_37 30 20 0.9 0.1
1 SP/C_1_37 30 20 0.9 0.1
1 SP/C_1_37 30 20 0.9 0.1
1 SP/C_1_37 30 20 0.9 0.1
1 SP/C_1_37 30 20 0.9 0.1
1 SP/C_1_37 30 20 0.9 0.1
1 SP/C_1_37 30 20 0.9 0.1
1 SP/C_1_37 30 20 0.9 0.1
1 SP/C_1_37 30 20 0.9 0.1
1 SP/C_1_37 30 20 0.9 0.1
1 SP/C_1_38 30 20 0.9 0.1
1 SP/C_1_38 30 20 0.9 0.1
1 SP/C_1_38 30 20 0.9 0.1
1 SP/C_1_38 30 20 0.9 0.1
1 SP/C_1_38 30 20 0.9 0.1
1 SP/C_1_38 30 20 0.9 0.1
1 SP/C_1_38 30 20 0.9 0.1
1 SP/C_1_38 30 20 0.9 0.1
1 SP/C_1_38 30 20 0.9 0.1
1 SP/C_1_38 30 20 0.9 0.1
1 SP/C_1_39 30 20 0.9 0.1
1 SP/C_1_39 30 20 0.9 0.1
1 SP/C_1_39 30 20 0.9 0.1
1 SP/C_1_39 30 20 0.9 0.1
1 SP/C_1_39 30 20 0.9 0.1
1 SP/C_1_39 30 20 0.9 0.1
1 SP/C_1_39 30 20 0.9 0.1
1 SP/C_1_39 30 20 0.9 0.1
1 SP/C_1_39 30 20 0.9 0.1
1 SP/C_1_39 30 20 0.9 0.1
1 SP/C_1_40 30 20 0.9 0.1
1 SP/C_1_40 30 20 0.9 0.1
1 SP/C_1_40 30 20 0.9 0.1
1 SP/C_1_40 30 20 0.9 0.1
1 SP/C_1_40 30 20 0.9 0.1
1 SP/C_1_40 30 20 0.9 0.1
1 SP/C_1_40 30 20 0.9 0.1
1 SP/C_1_40 30 20 0.9 0.1
1 SP/C_1_40 30 20 0.9 0.1
1 SP/C_1_40 30 20 0.9 0.1
1 SP/C_1_41 30 20 0.9 0.1
1 SP/C_1_41 30 20 0.9 0.1
1 SP/C_1_41 30 20 0.9 0.1
1 SP/C_1_41 30 20 0.9 0.1
1 SP/C_1_41 30 20 0.9 0.1
1 SP/C_1_41 30 20 0.9 0.1
1 SP/C_1_41 30 20 0.9 0.1
1 SP/C_1_41 30 20 0.9 0.1
1 SP/C_1_41 30 20 0.9 0.1
1 SP/C_1_41 30 20 0.9 0.1
1 SP/C_1_42 30 20 0.9 0.1
1 SP/C_1_42 30 20 0.9 0.1
1 SP/C_1_42 30 20 0.9 0.1
1 SP/C_1_42 30 20 0.9 0.1
1 SP/C_1_42 30 20 0.9 0.1
1 SP/C_1_42 30 20 0.9 0.1
1 SP/C_1_42 30 20 0.9 0.1
1 SP/C_1_42 30 20 0.9 0.1
1 SP/C_1_42 30 20 0.9 0.1
1 SP/C_1_42 30 20 0.9 0.1
1 SP/C_1_43 30 20 0.9 0.1
1 SP/C_1_43 30 20 0.9 0.1
1 SP/C_1_43 30 20 0.9 0.1
1 SP/C_1_43 30 20 0.9 0.1
1 SP/C_1_43 30 20 0.9 0.1
1 SP/C_1_43 30 20 0.9 0.1
1 SP/C_1_43 30 20 0.9 0.1
1 SP/C_1_43 30 20 0.9 0.1
1 SP/C_1_43 30 20 0.9 0.1
1 SP/C_1_43 30 20 0.9 0.1
1 SP/C_1_44 30 20 0.9 0.1
1 SP/C_1_44 30 20 0.9 0.1
1 SP/C_1_44 30 20 0.9 0.1
1 SP/C_1_44 30 20 0.9 0.1
1 SP/C_1_44 30 20 0.9 0.1
1 SP/C_1_44 30 20 0.9 0.1
1 SP/C_1_44 30 20 0.9 0.1
1 SP/C_1_44 30 20 0.9 0.1
1 SP/C_1_44 30 20 0.9 0.1
1 SP/C_1_44 30 20 0.9 0.1
1 SP/C_1_45 30 20 0.9 0.1
1 SP/C_1_45 30 20 0.9 0.1
1 SP/C_1_45 30 20 0.9 0.1
1 SP/C_1_45 30 20 0.9 0.1
1 SP/C_1_45 30 20 0.9 0.1
1 SP/C_1_45 30 20 0.9 0.1
1 SP/C_1_45 30 20 0.9 0.1
1 SP/C_1_45 30 20 0.9 0.1
1 SP/C_1_45 30 20 0.9 0.1
1 SP/C_1_45 30 20 0.9 0.1
1 SP/C_1_46 30 20 0.9 0.1
1 SP/C_1_46 30 20 0.9 0.1
1 SP/C_1_46 30 20 0.9 0.1
1 SP/C_1_46 30 20 0.9 0.1
1 SP/C_1_46 30 20 0.9 0.1
1 SP/C_1_46 30 20 0.9 0.1
1 SP/C_1_46 30 20 0.9 0.1
1 SP/C_1_46 30 20 0.9 0.1
1 SP/C_1_46 30 20 0.9 0.1
1 SP/C_1_46 30 20 0.9 0.1
1 SP/C_1_47 30 20 0.9 0.1
1 SP/C_1_47 30 20 0.9 0.1
1 SP/C_1_47 30 20 0.9 0.1
1 SP/C_1_47 30 20 0.9 0.1
1 SP/C_1_47 30 20 0.9 0.1
1 SP/C_1_47 30 20 0.9 0.1
1 SP/C_1_47 30 20 0.9 0.1
1 SP/C_1_47 30 20 0.9 0.1
1 SP/C_1_47 30 20 0.9 0.1
1 SP/C_1_47 30 20 0.9 0.1
1 SP/C_1_48 30 20 0.9 0.1
1 SP/C_1_48 30 20 0.9 0.1
1 SP/C_1_48 30 20 0.9 0.1
1 SP/C_1_48 30 20 0.9 0.1
1 SP/C_1_48 30 20 0.9 0.1
1 SP/C_1_48 30 20 0.9 0.1
1 SP/C_1_48 30 20 0.9 0.1
1 SP/C_1_48 30 20 0.9 0.1
1 SP/C_1_48 30 20 0.9 0.1
1 SP/C_1_48 30 20 0.9 0.1
1 SP/C_1_49 30 20 0.9 0.1
1 SP/C_1_49 30 20 0.9 0.1
1 SP/C_1_49 30 20 0.9 0.1
1 SP/C_1_49 30 20 0.9 0.1
1 SP/C_1_49 30 20 0.9 0.1
1 SP/C_1_49 30 20 0.9 0.1
1 SP/C_1_49 30 20 0.9 0.1
1 SP/C_1_49 30 20 0.9 0.1
1 SP/C_1_49 30 20 0.9 0.1
1 SP/C_1_49 30 20 0.9 0.1
1 SP/C_1_50 30 20 0.9 0.1
1 SP/C_1_50 30 20 0.9 0.1
1 SP/C_1_50 30 20 0.9 0.1
1 SP/C_1_50 30 20 0.9 0.1
1 SP/C_1_50 30 20 0.9 0.1
1 SP/C_1_50 30 20 0.9 0.1
1 SP/C_1_50 30 20 0.9 0.1
1 SP/C_1_50 30 20 0.9 0.1
1 SP/C_1_50 30 20 0.9 0.1
1 SP/C_1_50 30 20 0.9 0.1