1 C_1_1 30 20 0.9 0.1
1 C_1_1 30 20 0.9 0.1
1 C_1_1 30 20 0.9 0.1
1 C_1_1 30 20 0.9 0.1
1 C_1_1 30 20 0.9 0.1
1 C_1_1 30 20 0.9 0.1
1 C_1_1 30 20 0.9 0.1
1 C_1_1 30 20 0.9 0.1
1 C_1_1 30 20 0.9 0.1
1 C_1_1 30 20 0.9 0.1
1 C_1_2 30 20 0.9 0.1
1 C_1_2 30 20 0.9 0.1
1 C_1_2 30 20 0.9 0.1
1 C_1_2 30 20 0.9 0.1
1 C_1_2 30 20 0.9 0.1
1 C_1_2 30 20 0.9 0.1
1 C_1_2 30 20 0.9 0.1
1 C_1_2 30 20 0.9 0.1
1 C_1_2 30 20 0.9 0.1
1 C_1_2 30 20 0.9 0.1
1 C_1_3 30 20 0.9 0.1
1 C_1_3 30 20 0.9 0.1
1 C_1_3 30 20 0.9 0.1
1 C_1_3 30 20 0.9 0.1
1 C_1_3 30 20 0.9 0.1
1 C_1_3 30 20 0.9 0.1
1 C_1_3 30 20 0.9 0.1
1 C_1_3 30 20 0.9 0.1
1 C_1_3 30 20 0.9 0.1
1 C_1_3 30 20 0.9 0.1
1 C_1_4 30 20 0.9 0.1
1 C_1_4 30 20 0.9 0.1
1 C_1_4 30 20 0.9 0.1
1 C_1_4 30 20 0.9 0.1
1 C_1_4 30 20 0.9 0.1
1 C_1_4 30 20 0.9 0.1
1 C_1_4 30 20 0.9 0.1
1 C_1_4 30 20 0.9 0.1
1 C_1_4 30 20 0.9 0.1
1 C_1_4 30 20 0.9 0.1
1 C_1_5 30 20 0.9 0.1
1 C_1_5 30 20 0.9 0.1
1 C_1_5 30 20 0.9 0.1
1 C_1_5 30 20 0.9 0.1
1 C_1_5 30 20 0.9 0.1
1 C_1_5 30 20 0.9 0.1
1 C_1_5 30 20 0.9 0.1
1 C_1_5 30 20 0.9 0.1
1 C_1_5 30 20 0.9 0.1
1 C_1_5 30 20 0.9 0.1
1 C_1_6 30 20 0.9 0.1
1 C_1_6 30 20 0.9 0.1
1 C_1_6 30 20 0.9 0.1
1 C_1_6 30 20 0.9 0.1
1 C_1_6 30 20 0.9 0.1
1 C_1_6 30 20 0.9 0.1
1 C_1_6 30 20 0.9 0.1
1 C_1_6 30 20 0.9 0.1
1 C_1_6 30 20 0.9 0.1
1 C_1_6 30 20 0.9 0.1
1 C_1_7 30 20 0.9 0.1
1 C_1_7 30 20 0.9 0.1
1 C_1_7 30 20 0.9 0.1
1 C_1_7 30 20 0.9 0.1
1 C_1_7 30 20 0.9 0.1
1 C_1_7 30 20 0.9 0.1
1 C_1_7 30 20 0.9 0.1
1 C_1_7 30 20 0.9 0.1
1 C_1_7 30 20 0.9 0.1
1 C_1_7 30 20 0.9 0.1
1 C_1_8 30 20 0.9 0.1
1 C_1_8 30 20 0.9 0.1
1 C_1_8 30 20 0.9 0.1
1 C_1_8 30 20 0.9 0.1
1 C_1_8 30 20 0.9 0.1
1 C_1_8 30 20 0.9 0.1
1 C_1_8 30 20 0.9 0.1
1 C_1_8 30 20 0.9 0.1
1 C_1_8 30 20 0.9 0.1
1 C_1_8 30 20 0.9 0.1
1 C_1_9 30 20 0.9 0.1
1 C_1_9 30 20 0.9 0.1
1 C_1_9 30 20 0.9 0.1
1 C_1_9 30 20 0.9 0.1
1 C_1_9 30 20 0.9 0.1
1 C_1_9 30 20 0.9 0.1
1 C_1_9 30 20 0.9 0.1
1 C_1_9 30 20 0.9 0.1
1 C_1_9 30 20 0.9 0.1
1 C_1_9 30 20 0.9 0.1
1 C_1_10 30 20 0.9 0.1
1 C_1_10 30 20 0.9 0.1
1 C_1_10 30 20 0.9 0.1
1 C_1_10 30 20 0.9 0.1
1 C_1_10 30 20 0.9 0.1
1 C_1_10 30 20 0.9 0.1
1 C_1_10 30 20 0.9 0.1
1 C_1_10 30 20 0.9 0.1
1 C_1_10 30 20 0.9 0.1
1 C_1_10 30 20 0.9 0.1