1 C_2_61 30 20 0.9 0.1
1 C_2_61 30 20 0.9 0.1
1 C_2_61 30 20 0.9 0.1
1 C_2_61 30 20 0.9 0.1
1 C_2_61 30 20 0.9 0.1
1 C_2_61 30 20 0.9 0.1
1 C_2_61 30 20 0.9 0.1
1 C_2_61 30 20 0.9 0.1
1 C_2_61 30 20 0.9 0.1
1 C_2_61 30 20 0.9 0.1
1 C_2_62 30 20 0.9 0.1
1 C_2_62 30 20 0.9 0.1
1 C_2_62 30 20 0.9 0.1
1 C_2_62 30 20 0.9 0.1
1 C_2_62 30 20 0.9 0.1
1 C_2_62 30 20 0.9 0.1
1 C_2_62 30 20 0.9 0.1
1 C_2_62 30 20 0.9 0.1
1 C_2_62 30 20 0.9 0.1
1 C_2_62 30 20 0.9 0.1
1 C_2_63 30 20 0.9 0.1
1 C_2_63 30 20 0.9 0.1
1 C_2_63 30 20 0.9 0.1
1 C_2_63 30 20 0.9 0.1
1 C_2_63 30 20 0.9 0.1
1 C_2_63 30 20 0.9 0.1
1 C_2_63 30 20 0.9 0.1
1 C_2_63 30 20 0.9 0.1
1 C_2_63 30 20 0.9 0.1
1 C_2_63 30 20 0.9 0.1
1 C_2_64 30 20 0.9 0.1
1 C_2_64 30 20 0.9 0.1
1 C_2_64 30 20 0.9 0.1
1 C_2_64 30 20 0.9 0.1
1 C_2_64 30 20 0.9 0.1
1 C_2_64 30 20 0.9 0.1
1 C_2_64 30 20 0.9 0.1
1 C_2_64 30 20 0.9 0.1
1 C_2_64 30 20 0.9 0.1
1 C_2_64 30 20 0.9 0.1
1 C_2_65 30 20 0.9 0.1
1 C_2_65 30 20 0.9 0.1
1 C_2_65 30 20 0.9 0.1
1 C_2_65 30 20 0.9 0.1
1 C_2_65 30 20 0.9 0.1
1 C_2_65 30 20 0.9 0.1
1 C_2_65 30 20 0.9 0.1
1 C_2_65 30 20 0.9 0.1
1 C_2_65 30 20 0.9 0.1
1 C_2_65 30 20 0.9 0.1
1 C_2_66 30 20 0.9 0.1
1 C_2_66 30 20 0.9 0.1
1 C_2_66 30 20 0.9 0.1
1 C_2_66 30 20 0.9 0.1
1 C_2_66 30 20 0.9 0.1
1 C_2_66 30 20 0.9 0.1
1 C_2_66 30 20 0.9 0.1
1 C_2_66 30 20 0.9 0.1
1 C_2_66 30 20 0.9 0.1
1 C_2_66 30 20 0.9 0.1
1 C_2_67 30 20 0.9 0.1
1 C_2_67 30 20 0.9 0.1
1 C_2_67 30 20 0.9 0.1
1 C_2_67 30 20 0.9 0.1
1 C_2_67 30 20 0.9 0.1
1 C_2_67 30 20 0.9 0.1
1 C_2_67 30 20 0.9 0.1
1 C_2_67 30 20 0.9 0.1
1 C_2_67 30 20 0.9 0.1
1 C_2_67 30 20 0.9 0.1
1 C_2_68 30 20 0.9 0.1
1 C_2_68 30 20 0.9 0.1
1 C_2_68 30 20 0.9 0.1
1 C_2_68 30 20 0.9 0.1
1 C_2_68 30 20 0.9 0.1
1 C_2_68 30 20 0.9 0.1
1 C_2_68 30 20 0.9 0.1
1 C_2_68 30 20 0.9 0.1
1 C_2_68 30 20 0.9 0.1
1 C_2_68 30 20 0.9 0.1
1 C_2_69 30 20 0.9 0.1
1 C_2_69 30 20 0.9 0.1
1 C_2_69 30 20 0.9 0.1
1 C_2_69 30 20 0.9 0.1
1 C_2_69 30 20 0.9 0.1
1 C_2_69 30 20 0.9 0.1
1 C_2_69 30 20 0.9 0.1
1 C_2_69 30 20 0.9 0.1
1 C_2_69 30 20 0.9 0.1
1 C_2_69 30 20 0.9 0.1
1 C_2_70 30 20 0.9 0.1
1 C_2_70 30 20 0.9 0.1
1 C_2_70 30 20 0.9 0.1
1 C_2_70 30 20 0.9 0.1
1 C_2_70 30 20 0.9 0.1
1 C_2_70 30 20 0.9 0.1
1 C_2_70 30 20 0.9 0.1
1 C_2_70 30 20 0.9 0.1
1 C_2_70 30 20 0.9 0.1
1 C_2_70 30 20 0.9 0.1