1 C_2_51 30 20 0.9 0.1
1 C_2_51 30 20 0.9 0.1
1 C_2_51 30 20 0.9 0.1
1 C_2_51 30 20 0.9 0.1
1 C_2_51 30 20 0.9 0.1
1 C_2_51 30 20 0.9 0.1
1 C_2_51 30 20 0.9 0.1
1 C_2_51 30 20 0.9 0.1
1 C_2_51 30 20 0.9 0.1
1 C_2_51 30 20 0.9 0.1
1 C_2_52 30 20 0.9 0.1
1 C_2_52 30 20 0.9 0.1
1 C_2_52 30 20 0.9 0.1
1 C_2_52 30 20 0.9 0.1
1 C_2_52 30 20 0.9 0.1
1 C_2_52 30 20 0.9 0.1
1 C_2_52 30 20 0.9 0.1
1 C_2_52 30 20 0.9 0.1
1 C_2_52 30 20 0.9 0.1
1 C_2_52 30 20 0.9 0.1
1 C_2_53 30 20 0.9 0.1
1 C_2_53 30 20 0.9 0.1
1 C_2_53 30 20 0.9 0.1
1 C_2_53 30 20 0.9 0.1
1 C_2_53 30 20 0.9 0.1
1 C_2_53 30 20 0.9 0.1
1 C_2_53 30 20 0.9 0.1
1 C_2_53 30 20 0.9 0.1
1 C_2_53 30 20 0.9 0.1
1 C_2_53 30 20 0.9 0.1
1 C_2_54 30 20 0.9 0.1
1 C_2_54 30 20 0.9 0.1
1 C_2_54 30 20 0.9 0.1
1 C_2_54 30 20 0.9 0.1
1 C_2_54 30 20 0.9 0.1
1 C_2_54 30 20 0.9 0.1
1 C_2_54 30 20 0.9 0.1
1 C_2_54 30 20 0.9 0.1
1 C_2_54 30 20 0.9 0.1
1 C_2_54 30 20 0.9 0.1
1 C_2_55 30 20 0.9 0.1
1 C_2_55 30 20 0.9 0.1
1 C_2_55 30 20 0.9 0.1
1 C_2_55 30 20 0.9 0.1
1 C_2_55 30 20 0.9 0.1
1 C_2_55 30 20 0.9 0.1
1 C_2_55 30 20 0.9 0.1
1 C_2_55 30 20 0.9 0.1
1 C_2_55 30 20 0.9 0.1
1 C_2_55 30 20 0.9 0.1
1 C_2_56 30 20 0.9 0.1
1 C_2_56 30 20 0.9 0.1
1 C_2_56 30 20 0.9 0.1
1 C_2_56 30 20 0.9 0.1
1 C_2_56 30 20 0.9 0.1
1 C_2_56 30 20 0.9 0.1
1 C_2_56 30 20 0.9 0.1
1 C_2_56 30 20 0.9 0.1
1 C_2_56 30 20 0.9 0.1
1 C_2_56 30 20 0.9 0.1
1 C_2_57 30 20 0.9 0.1
1 C_2_57 30 20 0.9 0.1
1 C_2_57 30 20 0.9 0.1
1 C_2_57 30 20 0.9 0.1
1 C_2_57 30 20 0.9 0.1
1 C_2_57 30 20 0.9 0.1
1 C_2_57 30 20 0.9 0.1
1 C_2_57 30 20 0.9 0.1
1 C_2_57 30 20 0.9 0.1
1 C_2_57 30 20 0.9 0.1
1 C_2_58 30 20 0.9 0.1
1 C_2_58 30 20 0.9 0.1
1 C_2_58 30 20 0.9 0.1
1 C_2_58 30 20 0.9 0.1
1 C_2_58 30 20 0.9 0.1
1 C_2_58 30 20 0.9 0.1
1 C_2_58 30 20 0.9 0.1
1 C_2_58 30 20 0.9 0.1
1 C_2_58 30 20 0.9 0.1
1 C_2_58 30 20 0.9 0.1
1 C_2_59 30 20 0.9 0.1
1 C_2_59 30 20 0.9 0.1
1 C_2_59 30 20 0.9 0.1
1 C_2_59 30 20 0.9 0.1
1 C_2_59 30 20 0.9 0.1
1 C_2_59 30 20 0.9 0.1
1 C_2_59 30 20 0.9 0.1
1 C_2_59 30 20 0.9 0.1
1 C_2_59 30 20 0.9 0.1
1 C_2_59 30 20 0.9 0.1
1 C_2_60 30 20 0.9 0.1
1 C_2_60 30 20 0.9 0.1
1 C_2_60 30 20 0.9 0.1
1 C_2_60 30 20 0.9 0.1
1 C_2_60 30 20 0.9 0.1
1 C_2_60 30 20 0.9 0.1
1 C_2_60 30 20 0.9 0.1
1 C_2_60 30 20 0.9 0.1
1 C_2_60 30 20 0.9 0.1
1 C_2_60 30 20 0.9 0.1