1 C_2_71 30 20 0.9 0.1
1 C_2_71 30 20 0.9 0.1
1 C_2_71 30 20 0.9 0.1
1 C_2_71 30 20 0.9 0.1
1 C_2_71 30 20 0.9 0.1
1 C_2_71 30 20 0.9 0.1
1 C_2_71 30 20 0.9 0.1
1 C_2_71 30 20 0.9 0.1
1 C_2_71 30 20 0.9 0.1
1 C_2_71 30 20 0.9 0.1
1 C_2_72 30 20 0.9 0.1
1 C_2_72 30 20 0.9 0.1
1 C_2_72 30 20 0.9 0.1
1 C_2_72 30 20 0.9 0.1
1 C_2_72 30 20 0.9 0.1
1 C_2_72 30 20 0.9 0.1
1 C_2_72 30 20 0.9 0.1
1 C_2_72 30 20 0.9 0.1
1 C_2_72 30 20 0.9 0.1
1 C_2_72 30 20 0.9 0.1
1 C_2_73 30 20 0.9 0.1
1 C_2_73 30 20 0.9 0.1
1 C_2_73 30 20 0.9 0.1
1 C_2_73 30 20 0.9 0.1
1 C_2_73 30 20 0.9 0.1
1 C_2_73 30 20 0.9 0.1
1 C_2_73 30 20 0.9 0.1
1 C_2_73 30 20 0.9 0.1
1 C_2_73 30 20 0.9 0.1
1 C_2_73 30 20 0.9 0.1
1 C_2_74 30 20 0.9 0.1
1 C_2_74 30 20 0.9 0.1
1 C_2_74 30 20 0.9 0.1
1 C_2_74 30 20 0.9 0.1
1 C_2_74 30 20 0.9 0.1
1 C_2_74 30 20 0.9 0.1
1 C_2_74 30 20 0.9 0.1
1 C_2_74 30 20 0.9 0.1
1 C_2_74 30 20 0.9 0.1
1 C_2_74 30 20 0.9 0.1
1 C_2_75 30 20 0.9 0.1
1 C_2_75 30 20 0.9 0.1
1 C_2_75 30 20 0.9 0.1
1 C_2_75 30 20 0.9 0.1
1 C_2_75 30 20 0.9 0.1
1 C_2_75 30 20 0.9 0.1
1 C_2_75 30 20 0.9 0.1
1 C_2_75 30 20 0.9 0.1
1 C_2_75 30 20 0.9 0.1
1 C_2_75 30 20 0.9 0.1
1 C_2_76 30 20 0.9 0.1
1 C_2_76 30 20 0.9 0.1
1 C_2_76 30 20 0.9 0.1
1 C_2_76 30 20 0.9 0.1
1 C_2_76 30 20 0.9 0.1
1 C_2_76 30 20 0.9 0.1
1 C_2_76 30 20 0.9 0.1
1 C_2_76 30 20 0.9 0.1
1 C_2_76 30 20 0.9 0.1
1 C_2_76 30 20 0.9 0.1
1 C_2_77 30 20 0.9 0.1
1 C_2_77 30 20 0.9 0.1
1 C_2_77 30 20 0.9 0.1
1 C_2_77 30 20 0.9 0.1
1 C_2_77 30 20 0.9 0.1
1 C_2_77 30 20 0.9 0.1
1 C_2_77 30 20 0.9 0.1
1 C_2_77 30 20 0.9 0.1
1 C_2_77 30 20 0.9 0.1
1 C_2_77 30 20 0.9 0.1
1 C_2_78 30 20 0.9 0.1
1 C_2_78 30 20 0.9 0.1
1 C_2_78 30 20 0.9 0.1
1 C_2_78 30 20 0.9 0.1
1 C_2_78 30 20 0.9 0.1
1 C_2_78 30 20 0.9 0.1
1 C_2_78 30 20 0.9 0.1
1 C_2_78 30 20 0.9 0.1
1 C_2_78 30 20 0.9 0.1
1 C_2_78 30 20 0.9 0.1
1 C_2_79 30 20 0.9 0.1
1 C_2_79 30 20 0.9 0.1
1 C_2_79 30 20 0.9 0.1
1 C_2_79 30 20 0.9 0.1
1 C_2_79 30 20 0.9 0.1
1 C_2_79 30 20 0.9 0.1
1 C_2_79 30 20 0.9 0.1
1 C_2_79 30 20 0.9 0.1
1 C_2_79 30 20 0.9 0.1
1 C_2_79 30 20 0.9 0.1
1 C_2_80 30 20 0.9 0.1
1 C_2_80 30 20 0.9 0.1
1 C_2_80 30 20 0.9 0.1
1 C_2_80 30 20 0.9 0.1
1 C_2_80 30 20 0.9 0.1
1 C_2_80 30 20 0.9 0.1
1 C_2_80 30 20 0.9 0.1
1 C_2_80 30 20 0.9 0.1
1 C_2_80 30 20 0.9 0.1
1 C_2_80 30 20 0.9 0.1
1 C_2_81 30 20 0.9 0.1
1 C_2_81 30 20 0.9 0.1
1 C_2_81 30 20 0.9 0.1
1 C_2_81 30 20 0.9 0.1
1 C_2_81 30 20 0.9 0.1
1 C_2_81 30 20 0.9 0.1
1 C_2_81 30 20 0.9 0.1
1 C_2_81 30 20 0.9 0.1
1 C_2_81 30 20 0.9 0.1
1 C_2_81 30 20 0.9 0.1
1 C_2_82 30 20 0.9 0.1
1 C_2_82 30 20 0.9 0.1
1 C_2_82 30 20 0.9 0.1
1 C_2_82 30 20 0.9 0.1
1 C_2_82 30 20 0.9 0.1
1 C_2_82 30 20 0.9 0.1
1 C_2_82 30 20 0.9 0.1
1 C_2_82 30 20 0.9 0.1
1 C_2_82 30 20 0.9 0.1
1 C_2_82 30 20 0.9 0.1
1 C_2_83 30 20 0.9 0.1
1 C_2_83 30 20 0.9 0.1
1 C_2_83 30 20 0.9 0.1
1 C_2_83 30 20 0.9 0.1
1 C_2_83 30 20 0.9 0.1
1 C_2_83 30 20 0.9 0.1
1 C_2_83 30 20 0.9 0.1
1 C_2_83 30 20 0.9 0.1
1 C_2_83 30 20 0.9 0.1
1 C_2_83 30 20 0.9 0.1
1 C_2_84 30 20 0.9 0.1
1 C_2_84 30 20 0.9 0.1
1 C_2_84 30 20 0.9 0.1
1 C_2_84 30 20 0.9 0.1
1 C_2_84 30 20 0.9 0.1
1 C_2_84 30 20 0.9 0.1
1 C_2_84 30 20 0.9 0.1
1 C_2_84 30 20 0.9 0.1
1 C_2_84 30 20 0.9 0.1
1 C_2_84 30 20 0.9 0.1
1 C_2_85 30 20 0.9 0.1
1 C_2_85 30 20 0.9 0.1
1 C_2_85 30 20 0.9 0.1
1 C_2_85 30 20 0.9 0.1
1 C_2_85 30 20 0.9 0.1
1 C_2_85 30 20 0.9 0.1
1 C_2_85 30 20 0.9 0.1
1 C_2_85 30 20 0.9 0.1
1 C_2_85 30 20 0.9 0.1
1 C_2_85 30 20 0.9 0.1
1 C_2_86 30 20 0.9 0.1
1 C_2_86 30 20 0.9 0.1
1 C_2_86 30 20 0.9 0.1
1 C_2_86 30 20 0.9 0.1
1 C_2_86 30 20 0.9 0.1
1 C_2_86 30 20 0.9 0.1
1 C_2_86 30 20 0.9 0.1
1 C_2_86 30 20 0.9 0.1
1 C_2_86 30 20 0.9 0.1
1 C_2_86 30 20 0.9 0.1
1 C_2_87 30 20 0.9 0.1
1 C_2_87 30 20 0.9 0.1
1 C_2_87 30 20 0.9 0.1
1 C_2_87 30 20 0.9 0.1
1 C_2_87 30 20 0.9 0.1
1 C_2_87 30 20 0.9 0.1
1 C_2_87 30 20 0.9 0.1
1 C_2_87 30 20 0.9 0.1
1 C_2_87 30 20 0.9 0.1
1 C_2_87 30 20 0.9 0.1
1 C_2_88 30 20 0.9 0.1
1 C_2_88 30 20 0.9 0.1
1 C_2_88 30 20 0.9 0.1
1 C_2_88 30 20 0.9 0.1
1 C_2_88 30 20 0.9 0.1
1 C_2_88 30 20 0.9 0.1
1 C_2_88 30 20 0.9 0.1
1 C_2_88 30 20 0.9 0.1
1 C_2_88 30 20 0.9 0.1
1 C_2_88 30 20 0.9 0.1
1 C_2_89 30 20 0.9 0.1
1 C_2_89 30 20 0.9 0.1
1 C_2_89 30 20 0.9 0.1
1 C_2_89 30 20 0.9 0.1
1 C_2_89 30 20 0.9 0.1
1 C_2_89 30 20 0.9 0.1
1 C_2_89 30 20 0.9 0.1
1 C_2_89 30 20 0.9 0.1
1 C_2_89 30 20 0.9 0.1
1 C_2_89 30 20 0.9 0.1
1 C_2_90 30 20 0.9 0.1
1 C_2_90 30 20 0.9 0.1
1 C_2_90 30 20 0.9 0.1
1 C_2_90 30 20 0.9 0.1
1 C_2_90 30 20 0.9 0.1
1 C_2_90 30 20 0.9 0.1
1 C_2_90 30 20 0.9 0.1
1 C_2_90 30 20 0.9 0.1
1 C_2_90 30 20 0.9 0.1
1 C_2_90 30 20 0.9 0.1
1 C_2_91 30 20 0.9 0.1
1 C_2_91 30 20 0.9 0.1
1 C_2_91 30 20 0.9 0.1
1 C_2_91 30 20 0.9 0.1
1 C_2_91 30 20 0.9 0.1
1 C_2_91 30 20 0.9 0.1
1 C_2_91 30 20 0.9 0.1
1 C_2_91 30 20 0.9 0.1
1 C_2_91 30 20 0.9 0.1
1 C_2_91 30 20 0.9 0.1
1 C_2_92 30 20 0.9 0.1
1 C_2_92 30 20 0.9 0.1
1 C_2_92 30 20 0.9 0.1
1 C_2_92 30 20 0.9 0.1
1 C_2_92 30 20 0.9 0.1
1 C_2_92 30 20 0.9 0.1
1 C_2_92 30 20 0.9 0.1
1 C_2_92 30 20 0.9 0.1
1 C_2_92 30 20 0.9 0.1
1 C_2_92 30 20 0.9 0.1
1 C_2_93 30 20 0.9 0.1
1 C_2_93 30 20 0.9 0.1
1 C_2_93 30 20 0.9 0.1
1 C_2_93 30 20 0.9 0.1
1 C_2_93 30 20 0.9 0.1
1 C_2_93 30 20 0.9 0.1
1 C_2_93 30 20 0.9 0.1
1 C_2_93 30 20 0.9 0.1
1 C_2_93 30 20 0.9 0.1
1 C_2_93 30 20 0.9 0.1
1 C_2_94 30 20 0.9 0.1
1 C_2_94 30 20 0.9 0.1
1 C_2_94 30 20 0.9 0.1
1 C_2_94 30 20 0.9 0.1
1 C_2_94 30 20 0.9 0.1
1 C_2_94 30 20 0.9 0.1
1 C_2_94 30 20 0.9 0.1
1 C_2_94 30 20 0.9 0.1
1 C_2_94 30 20 0.9 0.1
1 C_2_94 30 20 0.9 0.1
1 C_2_95 30 20 0.9 0.1
1 C_2_95 30 20 0.9 0.1
1 C_2_95 30 20 0.9 0.1
1 C_2_95 30 20 0.9 0.1
1 C_2_95 30 20 0.9 0.1
1 C_2_95 30 20 0.9 0.1
1 C_2_95 30 20 0.9 0.1
1 C_2_95 30 20 0.9 0.1
1 C_2_95 30 20 0.9 0.1
1 C_2_95 30 20 0.9 0.1
1 C_2_96 30 20 0.9 0.1
1 C_2_96 30 20 0.9 0.1
1 C_2_96 30 20 0.9 0.1
1 C_2_96 30 20 0.9 0.1
1 C_2_96 30 20 0.9 0.1
1 C_2_96 30 20 0.9 0.1
1 C_2_96 30 20 0.9 0.1
1 C_2_96 30 20 0.9 0.1
1 C_2_96 30 20 0.9 0.1
1 C_2_96 30 20 0.9 0.1
1 C_2_97 30 20 0.9 0.1
1 C_2_97 30 20 0.9 0.1
1 C_2_97 30 20 0.9 0.1
1 C_2_97 30 20 0.9 0.1
1 C_2_97 30 20 0.9 0.1
1 C_2_97 30 20 0.9 0.1
1 C_2_97 30 20 0.9 0.1
1 C_2_97 30 20 0.9 0.1
1 C_2_97 30 20 0.9 0.1
1 C_2_97 30 20 0.9 0.1
1 C_2_98 30 20 0.9 0.1
1 C_2_98 30 20 0.9 0.1
1 C_2_98 30 20 0.9 0.1
1 C_2_98 30 20 0.9 0.1
1 C_2_98 30 20 0.9 0.1
1 C_2_98 30 20 0.9 0.1
1 C_2_98 30 20 0.9 0.1
1 C_2_98 30 20 0.9 0.1
1 C_2_98 30 20 0.9 0.1
1 C_2_98 30 20 0.9 0.1
1 C_2_99 30 20 0.9 0.1
1 C_2_99 30 20 0.9 0.1
1 C_2_99 30 20 0.9 0.1
1 C_2_99 30 20 0.9 0.1
1 C_2_99 30 20 0.9 0.1
1 C_2_99 30 20 0.9 0.1
1 C_2_99 30 20 0.9 0.1
1 C_2_99 30 20 0.9 0.1
1 C_2_99 30 20 0.9 0.1
1 C_2_99 30 20 0.9 0.1
1 C_2_100 30 20 0.9 0.1
1 C_2_100 30 20 0.9 0.1
1 C_2_100 30 20 0.9 0.1
1 C_2_100 30 20 0.9 0.1
1 C_2_100 30 20 0.9 0.1
1 C_2_100 30 20 0.9 0.1
1 C_2_100 30 20 0.9 0.1
1 C_2_100 30 20 0.9 0.1
1 C_2_100 30 20 0.9 0.1
1 C_2_100 30 20 0.9 0.1