1 C_3_101 30 20 0.9 0.1
1 C_3_101 30 20 0.9 0.1
1 C_3_101 30 20 0.9 0.1
1 C_3_101 30 20 0.9 0.1
1 C_3_101 30 20 0.9 0.1
1 C_3_101 30 20 0.9 0.1
1 C_3_101 30 20 0.9 0.1
1 C_3_101 30 20 0.9 0.1
1 C_3_101 30 20 0.9 0.1
1 C_3_101 30 20 0.9 0.1
1 C_3_102 30 20 0.9 0.1
1 C_3_102 30 20 0.9 0.1
1 C_3_102 30 20 0.9 0.1
1 C_3_102 30 20 0.9 0.1
1 C_3_102 30 20 0.9 0.1
1 C_3_102 30 20 0.9 0.1
1 C_3_102 30 20 0.9 0.1
1 C_3_102 30 20 0.9 0.1
1 C_3_102 30 20 0.9 0.1
1 C_3_102 30 20 0.9 0.1
1 C_3_103 30 20 0.9 0.1
1 C_3_103 30 20 0.9 0.1
1 C_3_103 30 20 0.9 0.1
1 C_3_103 30 20 0.9 0.1
1 C_3_103 30 20 0.9 0.1
1 C_3_103 30 20 0.9 0.1
1 C_3_103 30 20 0.9 0.1
1 C_3_103 30 20 0.9 0.1
1 C_3_103 30 20 0.9 0.1
1 C_3_103 30 20 0.9 0.1
1 C_3_104 30 20 0.9 0.1
1 C_3_104 30 20 0.9 0.1
1 C_3_104 30 20 0.9 0.1
1 C_3_104 30 20 0.9 0.1
1 C_3_104 30 20 0.9 0.1
1 C_3_104 30 20 0.9 0.1
1 C_3_104 30 20 0.9 0.1
1 C_3_104 30 20 0.9 0.1
1 C_3_104 30 20 0.9 0.1
1 C_3_104 30 20 0.9 0.1
1 C_3_105 30 20 0.9 0.1
1 C_3_105 30 20 0.9 0.1
1 C_3_105 30 20 0.9 0.1
1 C_3_105 30 20 0.9 0.1
1 C_3_105 30 20 0.9 0.1
1 C_3_105 30 20 0.9 0.1
1 C_3_105 30 20 0.9 0.1
1 C_3_105 30 20 0.9 0.1
1 C_3_105 30 20 0.9 0.1
1 C_3_105 30 20 0.9 0.1
1 C_3_106 30 20 0.9 0.1
1 C_3_106 30 20 0.9 0.1
1 C_3_106 30 20 0.9 0.1
1 C_3_106 30 20 0.9 0.1
1 C_3_106 30 20 0.9 0.1
1 C_3_106 30 20 0.9 0.1
1 C_3_106 30 20 0.9 0.1
1 C_3_106 30 20 0.9 0.1
1 C_3_106 30 20 0.9 0.1
1 C_3_106 30 20 0.9 0.1
1 C_3_107 30 20 0.9 0.1
1 C_3_107 30 20 0.9 0.1
1 C_3_107 30 20 0.9 0.1
1 C_3_107 30 20 0.9 0.1
1 C_3_107 30 20 0.9 0.1
1 C_3_107 30 20 0.9 0.1
1 C_3_107 30 20 0.9 0.1
1 C_3_107 30 20 0.9 0.1
1 C_3_107 30 20 0.9 0.1
1 C_3_107 30 20 0.9 0.1
1 C_3_108 30 20 0.9 0.1
1 C_3_108 30 20 0.9 0.1
1 C_3_108 30 20 0.9 0.1
1 C_3_108 30 20 0.9 0.1
1 C_3_108 30 20 0.9 0.1
1 C_3_108 30 20 0.9 0.1
1 C_3_108 30 20 0.9 0.1
1 C_3_108 30 20 0.9 0.1
1 C_3_108 30 20 0.9 0.1
1 C_3_108 30 20 0.9 0.1
1 C_3_109 30 20 0.9 0.1
1 C_3_109 30 20 0.9 0.1
1 C_3_109 30 20 0.9 0.1
1 C_3_109 30 20 0.9 0.1
1 C_3_109 30 20 0.9 0.1
1 C_3_109 30 20 0.9 0.1
1 C_3_109 30 20 0.9 0.1
1 C_3_109 30 20 0.9 0.1
1 C_3_109 30 20 0.9 0.1
1 C_3_109 30 20 0.9 0.1
1 C_3_110 30 20 0.9 0.1
1 C_3_110 30 20 0.9 0.1
1 C_3_110 30 20 0.9 0.1
1 C_3_110 30 20 0.9 0.1
1 C_3_110 30 20 0.9 0.1
1 C_3_110 30 20 0.9 0.1
1 C_3_110 30 20 0.9 0.1
1 C_3_110 30 20 0.9 0.1
1 C_3_110 30 20 0.9 0.1
1 C_3_110 30 20 0.9 0.1
1 C_3_111 30 20 0.9 0.1
1 C_3_111 30 20 0.9 0.1
1 C_3_111 30 20 0.9 0.1
1 C_3_111 30 20 0.9 0.1
1 C_3_111 30 20 0.9 0.1
1 C_3_111 30 20 0.9 0.1
1 C_3_111 30 20 0.9 0.1
1 C_3_111 30 20 0.9 0.1
1 C_3_111 30 20 0.9 0.1
1 C_3_111 30 20 0.9 0.1
1 C_3_112 30 20 0.9 0.1
1 C_3_112 30 20 0.9 0.1
1 C_3_112 30 20 0.9 0.1
1 C_3_112 30 20 0.9 0.1
1 C_3_112 30 20 0.9 0.1
1 C_3_112 30 20 0.9 0.1
1 C_3_112 30 20 0.9 0.1
1 C_3_112 30 20 0.9 0.1
1 C_3_112 30 20 0.9 0.1
1 C_3_112 30 20 0.9 0.1
1 C_3_113 30 20 0.9 0.1
1 C_3_113 30 20 0.9 0.1
1 C_3_113 30 20 0.9 0.1
1 C_3_113 30 20 0.9 0.1
1 C_3_113 30 20 0.9 0.1
1 C_3_113 30 20 0.9 0.1
1 C_3_113 30 20 0.9 0.1
1 C_3_113 30 20 0.9 0.1
1 C_3_113 30 20 0.9 0.1
1 C_3_113 30 20 0.9 0.1
1 C_3_114 30 20 0.9 0.1
1 C_3_114 30 20 0.9 0.1
1 C_3_114 30 20 0.9 0.1
1 C_3_114 30 20 0.9 0.1
1 C_3_114 30 20 0.9 0.1
1 C_3_114 30 20 0.9 0.1
1 C_3_114 30 20 0.9 0.1
1 C_3_114 30 20 0.9 0.1
1 C_3_114 30 20 0.9 0.1
1 C_3_114 30 20 0.9 0.1
1 C_3_115 30 20 0.9 0.1
1 C_3_115 30 20 0.9 0.1
1 C_3_115 30 20 0.9 0.1
1 C_3_115 30 20 0.9 0.1
1 C_3_115 30 20 0.9 0.1
1 C_3_115 30 20 0.9 0.1
1 C_3_115 30 20 0.9 0.1
1 C_3_115 30 20 0.9 0.1
1 C_3_115 30 20 0.9 0.1
1 C_3_115 30 20 0.9 0.1
1 C_3_116 30 20 0.9 0.1
1 C_3_116 30 20 0.9 0.1
1 C_3_116 30 20 0.9 0.1
1 C_3_116 30 20 0.9 0.1
1 C_3_116 30 20 0.9 0.1
1 C_3_116 30 20 0.9 0.1
1 C_3_116 30 20 0.9 0.1
1 C_3_116 30 20 0.9 0.1
1 C_3_116 30 20 0.9 0.1
1 C_3_116 30 20 0.9 0.1
1 C_3_117 30 20 0.9 0.1
1 C_3_117 30 20 0.9 0.1
1 C_3_117 30 20 0.9 0.1
1 C_3_117 30 20 0.9 0.1
1 C_3_117 30 20 0.9 0.1
1 C_3_117 30 20 0.9 0.1
1 C_3_117 30 20 0.9 0.1
1 C_3_117 30 20 0.9 0.1
1 C_3_117 30 20 0.9 0.1
1 C_3_117 30 20 0.9 0.1
1 C_3_118 30 20 0.9 0.1
1 C_3_118 30 20 0.9 0.1
1 C_3_118 30 20 0.9 0.1
1 C_3_118 30 20 0.9 0.1
1 C_3_118 30 20 0.9 0.1
1 C_3_118 30 20 0.9 0.1
1 C_3_118 30 20 0.9 0.1
1 C_3_118 30 20 0.9 0.1
1 C_3_118 30 20 0.9 0.1
1 C_3_118 30 20 0.9 0.1
1 C_3_119 30 20 0.9 0.1
1 C_3_119 30 20 0.9 0.1
1 C_3_119 30 20 0.9 0.1
1 C_3_119 30 20 0.9 0.1
1 C_3_119 30 20 0.9 0.1
1 C_3_119 30 20 0.9 0.1
1 C_3_119 30 20 0.9 0.1
1 C_3_119 30 20 0.9 0.1
1 C_3_119 30 20 0.9 0.1
1 C_3_119 30 20 0.9 0.1
1 C_3_120 30 20 0.9 0.1
1 C_3_120 30 20 0.9 0.1
1 C_3_120 30 20 0.9 0.1
1 C_3_120 30 20 0.9 0.1
1 C_3_120 30 20 0.9 0.1
1 C_3_120 30 20 0.9 0.1
1 C_3_120 30 20 0.9 0.1
1 C_3_120 30 20 0.9 0.1
1 C_3_120 30 20 0.9 0.1
1 C_3_120 30 20 0.9 0.1
1 C_3_121 30 20 0.9 0.1
1 C_3_121 30 20 0.9 0.1
1 C_3_121 30 20 0.9 0.1
1 C_3_121 30 20 0.9 0.1
1 C_3_121 30 20 0.9 0.1
1 C_3_121 30 20 0.9 0.1
1 C_3_121 30 20 0.9 0.1
1 C_3_121 30 20 0.9 0.1
1 C_3_121 30 20 0.9 0.1
1 C_3_121 30 20 0.9 0.1
1 C_3_122 30 20 0.9 0.1
1 C_3_122 30 20 0.9 0.1
1 C_3_122 30 20 0.9 0.1
1 C_3_122 30 20 0.9 0.1
1 C_3_122 30 20 0.9 0.1
1 C_3_122 30 20 0.9 0.1
1 C_3_122 30 20 0.9 0.1
1 C_3_122 30 20 0.9 0.1
1 C_3_122 30 20 0.9 0.1
1 C_3_122 30 20 0.9 0.1
1 C_3_123 30 20 0.9 0.1
1 C_3_123 30 20 0.9 0.1
1 C_3_123 30 20 0.9 0.1
1 C_3_123 30 20 0.9 0.1
1 C_3_123 30 20 0.9 0.1
1 C_3_123 30 20 0.9 0.1
1 C_3_123 30 20 0.9 0.1
1 C_3_123 30 20 0.9 0.1
1 C_3_123 30 20 0.9 0.1
1 C_3_123 30 20 0.9 0.1
1 C_3_124 30 20 0.9 0.1
1 C_3_124 30 20 0.9 0.1
1 C_3_124 30 20 0.9 0.1
1 C_3_124 30 20 0.9 0.1
1 C_3_124 30 20 0.9 0.1
1 C_3_124 30 20 0.9 0.1
1 C_3_124 30 20 0.9 0.1
1 C_3_124 30 20 0.9 0.1
1 C_3_124 30 20 0.9 0.1
1 C_3_124 30 20 0.9 0.1
1 C_3_125 30 20 0.9 0.1
1 C_3_125 30 20 0.9 0.1
1 C_3_125 30 20 0.9 0.1
1 C_3_125 30 20 0.9 0.1
1 C_3_125 30 20 0.9 0.1
1 C_3_125 30 20 0.9 0.1
1 C_3_125 30 20 0.9 0.1
1 C_3_125 30 20 0.9 0.1
1 C_3_125 30 20 0.9 0.1
1 C_3_125 30 20 0.9 0.1
1 C_3_126 30 20 0.9 0.1
1 C_3_126 30 20 0.9 0.1
1 C_3_126 30 20 0.9 0.1
1 C_3_126 30 20 0.9 0.1
1 C_3_126 30 20 0.9 0.1
1 C_3_126 30 20 0.9 0.1
1 C_3_126 30 20 0.9 0.1
1 C_3_126 30 20 0.9 0.1
1 C_3_126 30 20 0.9 0.1
1 C_3_126 30 20 0.9 0.1
1 C_3_127 30 20 0.9 0.1
1 C_3_127 30 20 0.9 0.1
1 C_3_127 30 20 0.9 0.1
1 C_3_127 30 20 0.9 0.1
1 C_3_127 30 20 0.9 0.1
1 C_3_127 30 20 0.9 0.1
1 C_3_127 30 20 0.9 0.1
1 C_3_127 30 20 0.9 0.1
1 C_3_127 30 20 0.9 0.1
1 C_3_127 30 20 0.9 0.1
1 C_3_128 30 20 0.9 0.1
1 C_3_128 30 20 0.9 0.1
1 C_3_128 30 20 0.9 0.1
1 C_3_128 30 20 0.9 0.1
1 C_3_128 30 20 0.9 0.1
1 C_3_128 30 20 0.9 0.1
1 C_3_128 30 20 0.9 0.1
1 C_3_128 30 20 0.9 0.1
1 C_3_128 30 20 0.9 0.1
1 C_3_128 30 20 0.9 0.1
1 C_3_129 30 20 0.9 0.1
1 C_3_129 30 20 0.9 0.1
1 C_3_129 30 20 0.9 0.1
1 C_3_129 30 20 0.9 0.1
1 C_3_129 30 20 0.9 0.1
1 C_3_129 30 20 0.9 0.1
1 C_3_129 30 20 0.9 0.1
1 C_3_129 30 20 0.9 0.1
1 C_3_129 30 20 0.9 0.1
1 C_3_129 30 20 0.9 0.1
1 C_3_130 30 20 0.9 0.1
1 C_3_130 30 20 0.9 0.1
1 C_3_130 30 20 0.9 0.1
1 C_3_130 30 20 0.9 0.1
1 C_3_130 30 20 0.9 0.1
1 C_3_130 30 20 0.9 0.1
1 C_3_130 30 20 0.9 0.1
1 C_3_130 30 20 0.9 0.1
1 C_3_130 30 20 0.9 0.1
1 C_3_130 30 20 0.9 0.1
1 C_3_131 30 20 0.9 0.1
1 C_3_131 30 20 0.9 0.1
1 C_3_131 30 20 0.9 0.1
1 C_3_131 30 20 0.9 0.1
1 C_3_131 30 20 0.9 0.1
1 C_3_131 30 20 0.9 0.1
1 C_3_131 30 20 0.9 0.1
1 C_3_131 30 20 0.9 0.1
1 C_3_131 30 20 0.9 0.1
1 C_3_131 30 20 0.9 0.1
1 C_3_132 30 20 0.9 0.1
1 C_3_132 30 20 0.9 0.1
1 C_3_132 30 20 0.9 0.1
1 C_3_132 30 20 0.9 0.1
1 C_3_132 30 20 0.9 0.1
1 C_3_132 30 20 0.9 0.1
1 C_3_132 30 20 0.9 0.1
1 C_3_132 30 20 0.9 0.1
1 C_3_132 30 20 0.9 0.1
1 C_3_132 30 20 0.9 0.1
1 C_3_133 30 20 0.9 0.1
1 C_3_133 30 20 0.9 0.1
1 C_3_133 30 20 0.9 0.1
1 C_3_133 30 20 0.9 0.1
1 C_3_133 30 20 0.9 0.1
1 C_3_133 30 20 0.9 0.1
1 C_3_133 30 20 0.9 0.1
1 C_3_133 30 20 0.9 0.1
1 C_3_133 30 20 0.9 0.1
1 C_3_133 30 20 0.9 0.1
1 C_3_134 30 20 0.9 0.1
1 C_3_134 30 20 0.9 0.1
1 C_3_134 30 20 0.9 0.1
1 C_3_134 30 20 0.9 0.1
1 C_3_134 30 20 0.9 0.1
1 C_3_134 30 20 0.9 0.1
1 C_3_134 30 20 0.9 0.1
1 C_3_134 30 20 0.9 0.1
1 C_3_134 30 20 0.9 0.1
1 C_3_134 30 20 0.9 0.1
1 C_3_135 30 20 0.9 0.1
1 C_3_135 30 20 0.9 0.1
1 C_3_135 30 20 0.9 0.1
1 C_3_135 30 20 0.9 0.1
1 C_3_135 30 20 0.9 0.1
1 C_3_135 30 20 0.9 0.1
1 C_3_135 30 20 0.9 0.1
1 C_3_135 30 20 0.9 0.1
1 C_3_135 30 20 0.9 0.1
1 C_3_135 30 20 0.9 0.1
1 C_3_136 30 20 0.9 0.1
1 C_3_136 30 20 0.9 0.1
1 C_3_136 30 20 0.9 0.1
1 C_3_136 30 20 0.9 0.1
1 C_3_136 30 20 0.9 0.1
1 C_3_136 30 20 0.9 0.1
1 C_3_136 30 20 0.9 0.1
1 C_3_136 30 20 0.9 0.1
1 C_3_136 30 20 0.9 0.1
1 C_3_136 30 20 0.9 0.1
1 C_3_137 30 20 0.9 0.1
1 C_3_137 30 20 0.9 0.1
1 C_3_137 30 20 0.9 0.1
1 C_3_137 30 20 0.9 0.1
1 C_3_137 30 20 0.9 0.1
1 C_3_137 30 20 0.9 0.1
1 C_3_137 30 20 0.9 0.1
1 C_3_137 30 20 0.9 0.1
1 C_3_137 30 20 0.9 0.1
1 C_3_137 30 20 0.9 0.1
1 C_3_138 30 20 0.9 0.1
1 C_3_138 30 20 0.9 0.1
1 C_3_138 30 20 0.9 0.1
1 C_3_138 30 20 0.9 0.1
1 C_3_138 30 20 0.9 0.1
1 C_3_138 30 20 0.9 0.1
1 C_3_138 30 20 0.9 0.1
1 C_3_138 30 20 0.9 0.1
1 C_3_138 30 20 0.9 0.1
1 C_3_138 30 20 0.9 0.1
1 C_3_139 30 20 0.9 0.1
1 C_3_139 30 20 0.9 0.1
1 C_3_139 30 20 0.9 0.1
1 C_3_139 30 20 0.9 0.1
1 C_3_139 30 20 0.9 0.1
1 C_3_139 30 20 0.9 0.1
1 C_3_139 30 20 0.9 0.1
1 C_3_139 30 20 0.9 0.1
1 C_3_139 30 20 0.9 0.1
1 C_3_139 30 20 0.9 0.1
1 C_3_140 30 20 0.9 0.1
1 C_3_140 30 20 0.9 0.1
1 C_3_140 30 20 0.9 0.1
1 C_3_140 30 20 0.9 0.1
1 C_3_140 30 20 0.9 0.1
1 C_3_140 30 20 0.9 0.1
1 C_3_140 30 20 0.9 0.1
1 C_3_140 30 20 0.9 0.1
1 C_3_140 30 20 0.9 0.1
1 C_3_140 30 20 0.9 0.1
1 C_3_141 30 20 0.9 0.1
1 C_3_141 30 20 0.9 0.1
1 C_3_141 30 20 0.9 0.1
1 C_3_141 30 20 0.9 0.1
1 C_3_141 30 20 0.9 0.1
1 C_3_141 30 20 0.9 0.1
1 C_3_141 30 20 0.9 0.1
1 C_3_141 30 20 0.9 0.1
1 C_3_141 30 20 0.9 0.1
1 C_3_141 30 20 0.9 0.1
1 C_3_142 30 20 0.9 0.1
1 C_3_142 30 20 0.9 0.1
1 C_3_142 30 20 0.9 0.1
1 C_3_142 30 20 0.9 0.1
1 C_3_142 30 20 0.9 0.1
1 C_3_142 30 20 0.9 0.1
1 C_3_142 30 20 0.9 0.1
1 C_3_142 30 20 0.9 0.1
1 C_3_142 30 20 0.9 0.1
1 C_3_142 30 20 0.9 0.1
1 C_3_143 30 20 0.9 0.1
1 C_3_143 30 20 0.9 0.1
1 C_3_143 30 20 0.9 0.1
1 C_3_143 30 20 0.9 0.1
1 C_3_143 30 20 0.9 0.1
1 C_3_143 30 20 0.9 0.1
1 C_3_143 30 20 0.9 0.1
1 C_3_143 30 20 0.9 0.1
1 C_3_143 30 20 0.9 0.1
1 C_3_143 30 20 0.9 0.1
1 C_3_144 30 20 0.9 0.1
1 C_3_144 30 20 0.9 0.1
1 C_3_144 30 20 0.9 0.1
1 C_3_144 30 20 0.9 0.1
1 C_3_144 30 20 0.9 0.1
1 C_3_144 30 20 0.9 0.1
1 C_3_144 30 20 0.9 0.1
1 C_3_144 30 20 0.9 0.1
1 C_3_144 30 20 0.9 0.1
1 C_3_144 30 20 0.9 0.1
1 C_3_145 30 20 0.9 0.1
1 C_3_145 30 20 0.9 0.1
1 C_3_145 30 20 0.9 0.1
1 C_3_145 30 20 0.9 0.1
1 C_3_145 30 20 0.9 0.1
1 C_3_145 30 20 0.9 0.1
1 C_3_145 30 20 0.9 0.1
1 C_3_145 30 20 0.9 0.1
1 C_3_145 30 20 0.9 0.1
1 C_3_145 30 20 0.9 0.1
1 C_3_146 30 20 0.9 0.1
1 C_3_146 30 20 0.9 0.1
1 C_3_146 30 20 0.9 0.1
1 C_3_146 30 20 0.9 0.1
1 C_3_146 30 20 0.9 0.1
1 C_3_146 30 20 0.9 0.1
1 C_3_146 30 20 0.9 0.1
1 C_3_146 30 20 0.9 0.1
1 C_3_146 30 20 0.9 0.1
1 C_3_146 30 20 0.9 0.1
1 C_3_147 30 20 0.9 0.1
1 C_3_147 30 20 0.9 0.1
1 C_3_147 30 20 0.9 0.1
1 C_3_147 30 20 0.9 0.1
1 C_3_147 30 20 0.9 0.1
1 C_3_147 30 20 0.9 0.1
1 C_3_147 30 20 0.9 0.1
1 C_3_147 30 20 0.9 0.1
1 C_3_147 30 20 0.9 0.1
1 C_3_147 30 20 0.9 0.1
1 C_3_148 30 20 0.9 0.1
1 C_3_148 30 20 0.9 0.1
1 C_3_148 30 20 0.9 0.1
1 C_3_148 30 20 0.9 0.1
1 C_3_148 30 20 0.9 0.1
1 C_3_148 30 20 0.9 0.1
1 C_3_148 30 20 0.9 0.1
1 C_3_148 30 20 0.9 0.1
1 C_3_148 30 20 0.9 0.1
1 C_3_148 30 20 0.9 0.1
1 C_3_149 30 20 0.9 0.1
1 C_3_149 30 20 0.9 0.1
1 C_3_149 30 20 0.9 0.1
1 C_3_149 30 20 0.9 0.1
1 C_3_149 30 20 0.9 0.1
1 C_3_149 30 20 0.9 0.1
1 C_3_149 30 20 0.9 0.1
1 C_3_149 30 20 0.9 0.1
1 C_3_149 30 20 0.9 0.1
1 C_3_149 30 20 0.9 0.1
1 C_3_150 30 20 0.9 0.1
1 C_3_150 30 20 0.9 0.1
1 C_3_150 30 20 0.9 0.1
1 C_3_150 30 20 0.9 0.1
1 C_3_150 30 20 0.9 0.1
1 C_3_150 30 20 0.9 0.1
1 C_3_150 30 20 0.9 0.1
1 C_3_150 30 20 0.9 0.1
1 C_3_150 30 20 0.9 0.1
1 C_3_150 30 20 0.9 0.1