1 C_3_111 30 20 0.9 0.1
1 C_3_111 30 20 0.9 0.1
1 C_3_111 30 20 0.9 0.1
1 C_3_111 30 20 0.9 0.1
1 C_3_111 30 20 0.9 0.1
1 C_3_111 30 20 0.9 0.1
1 C_3_111 30 20 0.9 0.1
1 C_3_111 30 20 0.9 0.1
1 C_3_111 30 20 0.9 0.1
1 C_3_111 30 20 0.9 0.1
1 C_3_112 30 20 0.9 0.1
1 C_3_112 30 20 0.9 0.1
1 C_3_112 30 20 0.9 0.1
1 C_3_112 30 20 0.9 0.1
1 C_3_112 30 20 0.9 0.1
1 C_3_112 30 20 0.9 0.1
1 C_3_112 30 20 0.9 0.1
1 C_3_112 30 20 0.9 0.1
1 C_3_112 30 20 0.9 0.1
1 C_3_112 30 20 0.9 0.1
1 C_3_113 30 20 0.9 0.1
1 C_3_113 30 20 0.9 0.1
1 C_3_113 30 20 0.9 0.1
1 C_3_113 30 20 0.9 0.1
1 C_3_113 30 20 0.9 0.1
1 C_3_113 30 20 0.9 0.1
1 C_3_113 30 20 0.9 0.1
1 C_3_113 30 20 0.9 0.1
1 C_3_113 30 20 0.9 0.1
1 C_3_113 30 20 0.9 0.1
1 C_3_114 30 20 0.9 0.1
1 C_3_114 30 20 0.9 0.1
1 C_3_114 30 20 0.9 0.1
1 C_3_114 30 20 0.9 0.1
1 C_3_114 30 20 0.9 0.1
1 C_3_114 30 20 0.9 0.1
1 C_3_114 30 20 0.9 0.1
1 C_3_114 30 20 0.9 0.1
1 C_3_114 30 20 0.9 0.1
1 C_3_114 30 20 0.9 0.1
1 C_3_115 30 20 0.9 0.1
1 C_3_115 30 20 0.9 0.1
1 C_3_115 30 20 0.9 0.1
1 C_3_115 30 20 0.9 0.1
1 C_3_115 30 20 0.9 0.1
1 C_3_115 30 20 0.9 0.1
1 C_3_115 30 20 0.9 0.1
1 C_3_115 30 20 0.9 0.1
1 C_3_115 30 20 0.9 0.1
1 C_3_115 30 20 0.9 0.1
1 C_3_116 30 20 0.9 0.1
1 C_3_116 30 20 0.9 0.1
1 C_3_116 30 20 0.9 0.1
1 C_3_116 30 20 0.9 0.1
1 C_3_116 30 20 0.9 0.1
1 C_3_116 30 20 0.9 0.1
1 C_3_116 30 20 0.9 0.1
1 C_3_116 30 20 0.9 0.1
1 C_3_116 30 20 0.9 0.1
1 C_3_116 30 20 0.9 0.1
1 C_3_117 30 20 0.9 0.1
1 C_3_117 30 20 0.9 0.1
1 C_3_117 30 20 0.9 0.1
1 C_3_117 30 20 0.9 0.1
1 C_3_117 30 20 0.9 0.1
1 C_3_117 30 20 0.9 0.1
1 C_3_117 30 20 0.9 0.1
1 C_3_117 30 20 0.9 0.1
1 C_3_117 30 20 0.9 0.1
1 C_3_117 30 20 0.9 0.1
1 C_3_118 30 20 0.9 0.1
1 C_3_118 30 20 0.9 0.1
1 C_3_118 30 20 0.9 0.1
1 C_3_118 30 20 0.9 0.1
1 C_3_118 30 20 0.9 0.1
1 C_3_118 30 20 0.9 0.1
1 C_3_118 30 20 0.9 0.1
1 C_3_118 30 20 0.9 0.1
1 C_3_118 30 20 0.9 0.1
1 C_3_118 30 20 0.9 0.1
1 C_3_119 30 20 0.9 0.1
1 C_3_119 30 20 0.9 0.1
1 C_3_119 30 20 0.9 0.1
1 C_3_119 30 20 0.9 0.1
1 C_3_119 30 20 0.9 0.1
1 C_3_119 30 20 0.9 0.1
1 C_3_119 30 20 0.9 0.1
1 C_3_119 30 20 0.9 0.1
1 C_3_119 30 20 0.9 0.1
1 C_3_119 30 20 0.9 0.1
1 C_3_120 30 20 0.9 0.1
1 C_3_120 30 20 0.9 0.1
1 C_3_120 30 20 0.9 0.1
1 C_3_120 30 20 0.9 0.1
1 C_3_120 30 20 0.9 0.1
1 C_3_120 30 20 0.9 0.1
1 C_3_120 30 20 0.9 0.1
1 C_3_120 30 20 0.9 0.1
1 C_3_120 30 20 0.9 0.1
1 C_3_120 30 20 0.9 0.1