1 C_3_101 30 20 0.9 0.1
1 C_3_101 30 20 0.9 0.1
1 C_3_101 30 20 0.9 0.1
1 C_3_101 30 20 0.9 0.1
1 C_3_101 30 20 0.9 0.1
1 C_3_101 30 20 0.9 0.1
1 C_3_101 30 20 0.9 0.1
1 C_3_101 30 20 0.9 0.1
1 C_3_101 30 20 0.9 0.1
1 C_3_101 30 20 0.9 0.1
1 C_3_102 30 20 0.9 0.1
1 C_3_102 30 20 0.9 0.1
1 C_3_102 30 20 0.9 0.1
1 C_3_102 30 20 0.9 0.1
1 C_3_102 30 20 0.9 0.1
1 C_3_102 30 20 0.9 0.1
1 C_3_102 30 20 0.9 0.1
1 C_3_102 30 20 0.9 0.1
1 C_3_102 30 20 0.9 0.1
1 C_3_102 30 20 0.9 0.1
1 C_3_103 30 20 0.9 0.1
1 C_3_103 30 20 0.9 0.1
1 C_3_103 30 20 0.9 0.1
1 C_3_103 30 20 0.9 0.1
1 C_3_103 30 20 0.9 0.1
1 C_3_103 30 20 0.9 0.1
1 C_3_103 30 20 0.9 0.1
1 C_3_103 30 20 0.9 0.1
1 C_3_103 30 20 0.9 0.1
1 C_3_103 30 20 0.9 0.1
1 C_3_104 30 20 0.9 0.1
1 C_3_104 30 20 0.9 0.1
1 C_3_104 30 20 0.9 0.1
1 C_3_104 30 20 0.9 0.1
1 C_3_104 30 20 0.9 0.1
1 C_3_104 30 20 0.9 0.1
1 C_3_104 30 20 0.9 0.1
1 C_3_104 30 20 0.9 0.1
1 C_3_104 30 20 0.9 0.1
1 C_3_104 30 20 0.9 0.1
1 C_3_105 30 20 0.9 0.1
1 C_3_105 30 20 0.9 0.1
1 C_3_105 30 20 0.9 0.1
1 C_3_105 30 20 0.9 0.1
1 C_3_105 30 20 0.9 0.1
1 C_3_105 30 20 0.9 0.1
1 C_3_105 30 20 0.9 0.1
1 C_3_105 30 20 0.9 0.1
1 C_3_105 30 20 0.9 0.1
1 C_3_105 30 20 0.9 0.1
1 C_3_106 30 20 0.9 0.1
1 C_3_106 30 20 0.9 0.1
1 C_3_106 30 20 0.9 0.1
1 C_3_106 30 20 0.9 0.1
1 C_3_106 30 20 0.9 0.1
1 C_3_106 30 20 0.9 0.1
1 C_3_106 30 20 0.9 0.1
1 C_3_106 30 20 0.9 0.1
1 C_3_106 30 20 0.9 0.1
1 C_3_106 30 20 0.9 0.1
1 C_3_107 30 20 0.9 0.1
1 C_3_107 30 20 0.9 0.1
1 C_3_107 30 20 0.9 0.1
1 C_3_107 30 20 0.9 0.1
1 C_3_107 30 20 0.9 0.1
1 C_3_107 30 20 0.9 0.1
1 C_3_107 30 20 0.9 0.1
1 C_3_107 30 20 0.9 0.1
1 C_3_107 30 20 0.9 0.1
1 C_3_107 30 20 0.9 0.1
1 C_3_108 30 20 0.9 0.1
1 C_3_108 30 20 0.9 0.1
1 C_3_108 30 20 0.9 0.1
1 C_3_108 30 20 0.9 0.1
1 C_3_108 30 20 0.9 0.1
1 C_3_108 30 20 0.9 0.1
1 C_3_108 30 20 0.9 0.1
1 C_3_108 30 20 0.9 0.1
1 C_3_108 30 20 0.9 0.1
1 C_3_108 30 20 0.9 0.1
1 C_3_109 30 20 0.9 0.1
1 C_3_109 30 20 0.9 0.1
1 C_3_109 30 20 0.9 0.1
1 C_3_109 30 20 0.9 0.1
1 C_3_109 30 20 0.9 0.1
1 C_3_109 30 20 0.9 0.1
1 C_3_109 30 20 0.9 0.1
1 C_3_109 30 20 0.9 0.1
1 C_3_109 30 20 0.9 0.1
1 C_3_109 30 20 0.9 0.1
1 C_3_110 30 20 0.9 0.1
1 C_3_110 30 20 0.9 0.1
1 C_3_110 30 20 0.9 0.1
1 C_3_110 30 20 0.9 0.1
1 C_3_110 30 20 0.9 0.1
1 C_3_110 30 20 0.9 0.1
1 C_3_110 30 20 0.9 0.1
1 C_3_110 30 20 0.9 0.1
1 C_3_110 30 20 0.9 0.1
1 C_3_110 30 20 0.9 0.1