1 C_4_151 30 20 0.9 0.1
1 C_4_151 30 20 0.9 0.1
1 C_4_151 30 20 0.9 0.1
1 C_4_151 30 20 0.9 0.1
1 C_4_151 30 20 0.9 0.1
1 C_4_151 30 20 0.9 0.1
1 C_4_151 30 20 0.9 0.1
1 C_4_151 30 20 0.9 0.1
1 C_4_151 30 20 0.9 0.1
1 C_4_151 30 20 0.9 0.1
1 C_4_152 30 20 0.9 0.1
1 C_4_152 30 20 0.9 0.1
1 C_4_152 30 20 0.9 0.1
1 C_4_152 30 20 0.9 0.1
1 C_4_152 30 20 0.9 0.1
1 C_4_152 30 20 0.9 0.1
1 C_4_152 30 20 0.9 0.1
1 C_4_152 30 20 0.9 0.1
1 C_4_152 30 20 0.9 0.1
1 C_4_152 30 20 0.9 0.1
1 C_4_153 30 20 0.9 0.1
1 C_4_153 30 20 0.9 0.1
1 C_4_153 30 20 0.9 0.1
1 C_4_153 30 20 0.9 0.1
1 C_4_153 30 20 0.9 0.1
1 C_4_153 30 20 0.9 0.1
1 C_4_153 30 20 0.9 0.1
1 C_4_153 30 20 0.9 0.1
1 C_4_153 30 20 0.9 0.1
1 C_4_153 30 20 0.9 0.1
1 C_4_154 30 20 0.9 0.1
1 C_4_154 30 20 0.9 0.1
1 C_4_154 30 20 0.9 0.1
1 C_4_154 30 20 0.9 0.1
1 C_4_154 30 20 0.9 0.1
1 C_4_154 30 20 0.9 0.1
1 C_4_154 30 20 0.9 0.1
1 C_4_154 30 20 0.9 0.1
1 C_4_154 30 20 0.9 0.1
1 C_4_154 30 20 0.9 0.1
1 C_4_155 30 20 0.9 0.1
1 C_4_155 30 20 0.9 0.1
1 C_4_155 30 20 0.9 0.1
1 C_4_155 30 20 0.9 0.1
1 C_4_155 30 20 0.9 0.1
1 C_4_155 30 20 0.9 0.1
1 C_4_155 30 20 0.9 0.1
1 C_4_155 30 20 0.9 0.1
1 C_4_155 30 20 0.9 0.1
1 C_4_155 30 20 0.9 0.1
1 C_4_156 30 20 0.9 0.1
1 C_4_156 30 20 0.9 0.1
1 C_4_156 30 20 0.9 0.1
1 C_4_156 30 20 0.9 0.1
1 C_4_156 30 20 0.9 0.1
1 C_4_156 30 20 0.9 0.1
1 C_4_156 30 20 0.9 0.1
1 C_4_156 30 20 0.9 0.1
1 C_4_156 30 20 0.9 0.1
1 C_4_156 30 20 0.9 0.1
1 C_4_157 30 20 0.9 0.1
1 C_4_157 30 20 0.9 0.1
1 C_4_157 30 20 0.9 0.1
1 C_4_157 30 20 0.9 0.1
1 C_4_157 30 20 0.9 0.1
1 C_4_157 30 20 0.9 0.1
1 C_4_157 30 20 0.9 0.1
1 C_4_157 30 20 0.9 0.1
1 C_4_157 30 20 0.9 0.1
1 C_4_157 30 20 0.9 0.1
1 C_4_158 30 20 0.9 0.1
1 C_4_158 30 20 0.9 0.1
1 C_4_158 30 20 0.9 0.1
1 C_4_158 30 20 0.9 0.1
1 C_4_158 30 20 0.9 0.1
1 C_4_158 30 20 0.9 0.1
1 C_4_158 30 20 0.9 0.1
1 C_4_158 30 20 0.9 0.1
1 C_4_158 30 20 0.9 0.1
1 C_4_158 30 20 0.9 0.1
1 C_4_159 30 20 0.9 0.1
1 C_4_159 30 20 0.9 0.1
1 C_4_159 30 20 0.9 0.1
1 C_4_159 30 20 0.9 0.1
1 C_4_159 30 20 0.9 0.1
1 C_4_159 30 20 0.9 0.1
1 C_4_159 30 20 0.9 0.1
1 C_4_159 30 20 0.9 0.1
1 C_4_159 30 20 0.9 0.1
1 C_4_159 30 20 0.9 0.1
1 C_4_160 30 20 0.9 0.1
1 C_4_160 30 20 0.9 0.1
1 C_4_160 30 20 0.9 0.1
1 C_4_160 30 20 0.9 0.1
1 C_4_160 30 20 0.9 0.1
1 C_4_160 30 20 0.9 0.1
1 C_4_160 30 20 0.9 0.1
1 C_4_160 30 20 0.9 0.1
1 C_4_160 30 20 0.9 0.1
1 C_4_160 30 20 0.9 0.1