1 C_4_191 30 20 0.9 0.1
1 C_4_191 30 20 0.9 0.1
1 C_4_191 30 20 0.9 0.1
1 C_4_191 30 20 0.9 0.1
1 C_4_191 30 20 0.9 0.1
1 C_4_191 30 20 0.9 0.1
1 C_4_191 30 20 0.9 0.1
1 C_4_191 30 20 0.9 0.1
1 C_4_191 30 20 0.9 0.1
1 C_4_191 30 20 0.9 0.1
1 C_4_192 30 20 0.9 0.1
1 C_4_192 30 20 0.9 0.1
1 C_4_192 30 20 0.9 0.1
1 C_4_192 30 20 0.9 0.1
1 C_4_192 30 20 0.9 0.1
1 C_4_192 30 20 0.9 0.1
1 C_4_192 30 20 0.9 0.1
1 C_4_192 30 20 0.9 0.1
1 C_4_192 30 20 0.9 0.1
1 C_4_192 30 20 0.9 0.1
1 C_4_193 30 20 0.9 0.1
1 C_4_193 30 20 0.9 0.1
1 C_4_193 30 20 0.9 0.1
1 C_4_193 30 20 0.9 0.1
1 C_4_193 30 20 0.9 0.1
1 C_4_193 30 20 0.9 0.1
1 C_4_193 30 20 0.9 0.1
1 C_4_193 30 20 0.9 0.1
1 C_4_193 30 20 0.9 0.1
1 C_4_193 30 20 0.9 0.1
1 C_4_194 30 20 0.9 0.1
1 C_4_194 30 20 0.9 0.1
1 C_4_194 30 20 0.9 0.1
1 C_4_194 30 20 0.9 0.1
1 C_4_194 30 20 0.9 0.1
1 C_4_194 30 20 0.9 0.1
1 C_4_194 30 20 0.9 0.1
1 C_4_194 30 20 0.9 0.1
1 C_4_194 30 20 0.9 0.1
1 C_4_194 30 20 0.9 0.1
1 C_4_195 30 20 0.9 0.1
1 C_4_195 30 20 0.9 0.1
1 C_4_195 30 20 0.9 0.1
1 C_4_195 30 20 0.9 0.1
1 C_4_195 30 20 0.9 0.1
1 C_4_195 30 20 0.9 0.1
1 C_4_195 30 20 0.9 0.1
1 C_4_195 30 20 0.9 0.1
1 C_4_195 30 20 0.9 0.1
1 C_4_195 30 20 0.9 0.1
1 C_4_196 30 20 0.9 0.1
1 C_4_196 30 20 0.9 0.1
1 C_4_196 30 20 0.9 0.1
1 C_4_196 30 20 0.9 0.1
1 C_4_196 30 20 0.9 0.1
1 C_4_196 30 20 0.9 0.1
1 C_4_196 30 20 0.9 0.1
1 C_4_196 30 20 0.9 0.1
1 C_4_196 30 20 0.9 0.1
1 C_4_196 30 20 0.9 0.1
1 C_4_197 30 20 0.9 0.1
1 C_4_197 30 20 0.9 0.1
1 C_4_197 30 20 0.9 0.1
1 C_4_197 30 20 0.9 0.1
1 C_4_197 30 20 0.9 0.1
1 C_4_197 30 20 0.9 0.1
1 C_4_197 30 20 0.9 0.1
1 C_4_197 30 20 0.9 0.1
1 C_4_197 30 20 0.9 0.1
1 C_4_197 30 20 0.9 0.1
1 C_4_198 30 20 0.9 0.1
1 C_4_198 30 20 0.9 0.1
1 C_4_198 30 20 0.9 0.1
1 C_4_198 30 20 0.9 0.1
1 C_4_198 30 20 0.9 0.1
1 C_4_198 30 20 0.9 0.1
1 C_4_198 30 20 0.9 0.1
1 C_4_198 30 20 0.9 0.1
1 C_4_198 30 20 0.9 0.1
1 C_4_198 30 20 0.9 0.1
1 C_4_199 30 20 0.9 0.1
1 C_4_199 30 20 0.9 0.1
1 C_4_199 30 20 0.9 0.1
1 C_4_199 30 20 0.9 0.1
1 C_4_199 30 20 0.9 0.1
1 C_4_199 30 20 0.9 0.1
1 C_4_199 30 20 0.9 0.1
1 C_4_199 30 20 0.9 0.1
1 C_4_199 30 20 0.9 0.1
1 C_4_199 30 20 0.9 0.1
1 C_4_200 30 20 0.9 0.1
1 C_4_200 30 20 0.9 0.1
1 C_4_200 30 20 0.9 0.1
1 C_4_200 30 20 0.9 0.1
1 C_4_200 30 20 0.9 0.1
1 C_4_200 30 20 0.9 0.1
1 C_4_200 30 20 0.9 0.1
1 C_4_200 30 20 0.9 0.1
1 C_4_200 30 20 0.9 0.1
1 C_4_200 30 20 0.9 0.1