1 C_4_151 30 20 0.9 0.1
1 C_4_151 30 20 0.9 0.1
1 C_4_151 30 20 0.9 0.1
1 C_4_151 30 20 0.9 0.1
1 C_4_151 30 20 0.9 0.1
1 C_4_151 30 20 0.9 0.1
1 C_4_151 30 20 0.9 0.1
1 C_4_151 30 20 0.9 0.1
1 C_4_151 30 20 0.9 0.1
1 C_4_151 30 20 0.9 0.1
1 C_4_152 30 20 0.9 0.1
1 C_4_152 30 20 0.9 0.1
1 C_4_152 30 20 0.9 0.1
1 C_4_152 30 20 0.9 0.1
1 C_4_152 30 20 0.9 0.1
1 C_4_152 30 20 0.9 0.1
1 C_4_152 30 20 0.9 0.1
1 C_4_152 30 20 0.9 0.1
1 C_4_152 30 20 0.9 0.1
1 C_4_152 30 20 0.9 0.1
1 C_4_153 30 20 0.9 0.1
1 C_4_153 30 20 0.9 0.1
1 C_4_153 30 20 0.9 0.1
1 C_4_153 30 20 0.9 0.1
1 C_4_153 30 20 0.9 0.1
1 C_4_153 30 20 0.9 0.1
1 C_4_153 30 20 0.9 0.1
1 C_4_153 30 20 0.9 0.1
1 C_4_153 30 20 0.9 0.1
1 C_4_153 30 20 0.9 0.1
1 C_4_154 30 20 0.9 0.1
1 C_4_154 30 20 0.9 0.1
1 C_4_154 30 20 0.9 0.1
1 C_4_154 30 20 0.9 0.1
1 C_4_154 30 20 0.9 0.1
1 C_4_154 30 20 0.9 0.1
1 C_4_154 30 20 0.9 0.1
1 C_4_154 30 20 0.9 0.1
1 C_4_154 30 20 0.9 0.1
1 C_4_154 30 20 0.9 0.1
1 C_4_155 30 20 0.9 0.1
1 C_4_155 30 20 0.9 0.1
1 C_4_155 30 20 0.9 0.1
1 C_4_155 30 20 0.9 0.1
1 C_4_155 30 20 0.9 0.1
1 C_4_155 30 20 0.9 0.1
1 C_4_155 30 20 0.9 0.1
1 C_4_155 30 20 0.9 0.1
1 C_4_155 30 20 0.9 0.1
1 C_4_155 30 20 0.9 0.1
1 C_4_156 30 20 0.9 0.1
1 C_4_156 30 20 0.9 0.1
1 C_4_156 30 20 0.9 0.1
1 C_4_156 30 20 0.9 0.1
1 C_4_156 30 20 0.9 0.1
1 C_4_156 30 20 0.9 0.1
1 C_4_156 30 20 0.9 0.1
1 C_4_156 30 20 0.9 0.1
1 C_4_156 30 20 0.9 0.1
1 C_4_156 30 20 0.9 0.1
1 C_4_157 30 20 0.9 0.1
1 C_4_157 30 20 0.9 0.1
1 C_4_157 30 20 0.9 0.1
1 C_4_157 30 20 0.9 0.1
1 C_4_157 30 20 0.9 0.1
1 C_4_157 30 20 0.9 0.1
1 C_4_157 30 20 0.9 0.1
1 C_4_157 30 20 0.9 0.1
1 C_4_157 30 20 0.9 0.1
1 C_4_157 30 20 0.9 0.1
1 C_4_158 30 20 0.9 0.1
1 C_4_158 30 20 0.9 0.1
1 C_4_158 30 20 0.9 0.1
1 C_4_158 30 20 0.9 0.1
1 C_4_158 30 20 0.9 0.1
1 C_4_158 30 20 0.9 0.1
1 C_4_158 30 20 0.9 0.1
1 C_4_158 30 20 0.9 0.1
1 C_4_158 30 20 0.9 0.1
1 C_4_158 30 20 0.9 0.1
1 C_4_159 30 20 0.9 0.1
1 C_4_159 30 20 0.9 0.1
1 C_4_159 30 20 0.9 0.1
1 C_4_159 30 20 0.9 0.1
1 C_4_159 30 20 0.9 0.1
1 C_4_159 30 20 0.9 0.1
1 C_4_159 30 20 0.9 0.1
1 C_4_159 30 20 0.9 0.1
1 C_4_159 30 20 0.9 0.1
1 C_4_159 30 20 0.9 0.1
1 C_4_160 30 20 0.9 0.1
1 C_4_160 30 20 0.9 0.1
1 C_4_160 30 20 0.9 0.1
1 C_4_160 30 20 0.9 0.1
1 C_4_160 30 20 0.9 0.1
1 C_4_160 30 20 0.9 0.1
1 C_4_160 30 20 0.9 0.1
1 C_4_160 30 20 0.9 0.1
1 C_4_160 30 20 0.9 0.1
1 C_4_160 30 20 0.9 0.1
1 C_4_161 30 20 0.9 0.1
1 C_4_161 30 20 0.9 0.1
1 C_4_161 30 20 0.9 0.1
1 C_4_161 30 20 0.9 0.1
1 C_4_161 30 20 0.9 0.1
1 C_4_161 30 20 0.9 0.1
1 C_4_161 30 20 0.9 0.1
1 C_4_161 30 20 0.9 0.1
1 C_4_161 30 20 0.9 0.1
1 C_4_161 30 20 0.9 0.1
1 C_4_162 30 20 0.9 0.1
1 C_4_162 30 20 0.9 0.1
1 C_4_162 30 20 0.9 0.1
1 C_4_162 30 20 0.9 0.1
1 C_4_162 30 20 0.9 0.1
1 C_4_162 30 20 0.9 0.1
1 C_4_162 30 20 0.9 0.1
1 C_4_162 30 20 0.9 0.1
1 C_4_162 30 20 0.9 0.1
1 C_4_162 30 20 0.9 0.1
1 C_4_163 30 20 0.9 0.1
1 C_4_163 30 20 0.9 0.1
1 C_4_163 30 20 0.9 0.1
1 C_4_163 30 20 0.9 0.1
1 C_4_163 30 20 0.9 0.1
1 C_4_163 30 20 0.9 0.1
1 C_4_163 30 20 0.9 0.1
1 C_4_163 30 20 0.9 0.1
1 C_4_163 30 20 0.9 0.1
1 C_4_163 30 20 0.9 0.1
1 C_4_164 30 20 0.9 0.1
1 C_4_164 30 20 0.9 0.1
1 C_4_164 30 20 0.9 0.1
1 C_4_164 30 20 0.9 0.1
1 C_4_164 30 20 0.9 0.1
1 C_4_164 30 20 0.9 0.1
1 C_4_164 30 20 0.9 0.1
1 C_4_164 30 20 0.9 0.1
1 C_4_164 30 20 0.9 0.1
1 C_4_164 30 20 0.9 0.1
1 C_4_165 30 20 0.9 0.1
1 C_4_165 30 20 0.9 0.1
1 C_4_165 30 20 0.9 0.1
1 C_4_165 30 20 0.9 0.1
1 C_4_165 30 20 0.9 0.1
1 C_4_165 30 20 0.9 0.1
1 C_4_165 30 20 0.9 0.1
1 C_4_165 30 20 0.9 0.1
1 C_4_165 30 20 0.9 0.1
1 C_4_165 30 20 0.9 0.1
1 C_4_166 30 20 0.9 0.1
1 C_4_166 30 20 0.9 0.1
1 C_4_166 30 20 0.9 0.1
1 C_4_166 30 20 0.9 0.1
1 C_4_166 30 20 0.9 0.1
1 C_4_166 30 20 0.9 0.1
1 C_4_166 30 20 0.9 0.1
1 C_4_166 30 20 0.9 0.1
1 C_4_166 30 20 0.9 0.1
1 C_4_166 30 20 0.9 0.1
1 C_4_167 30 20 0.9 0.1
1 C_4_167 30 20 0.9 0.1
1 C_4_167 30 20 0.9 0.1
1 C_4_167 30 20 0.9 0.1
1 C_4_167 30 20 0.9 0.1
1 C_4_167 30 20 0.9 0.1
1 C_4_167 30 20 0.9 0.1
1 C_4_167 30 20 0.9 0.1
1 C_4_167 30 20 0.9 0.1
1 C_4_167 30 20 0.9 0.1
1 C_4_168 30 20 0.9 0.1
1 C_4_168 30 20 0.9 0.1
1 C_4_168 30 20 0.9 0.1
1 C_4_168 30 20 0.9 0.1
1 C_4_168 30 20 0.9 0.1
1 C_4_168 30 20 0.9 0.1
1 C_4_168 30 20 0.9 0.1
1 C_4_168 30 20 0.9 0.1
1 C_4_168 30 20 0.9 0.1
1 C_4_168 30 20 0.9 0.1
1 C_4_169 30 20 0.9 0.1
1 C_4_169 30 20 0.9 0.1
1 C_4_169 30 20 0.9 0.1
1 C_4_169 30 20 0.9 0.1
1 C_4_169 30 20 0.9 0.1
1 C_4_169 30 20 0.9 0.1
1 C_4_169 30 20 0.9 0.1
1 C_4_169 30 20 0.9 0.1
1 C_4_169 30 20 0.9 0.1
1 C_4_169 30 20 0.9 0.1
1 C_4_170 30 20 0.9 0.1
1 C_4_170 30 20 0.9 0.1
1 C_4_170 30 20 0.9 0.1
1 C_4_170 30 20 0.9 0.1
1 C_4_170 30 20 0.9 0.1
1 C_4_170 30 20 0.9 0.1
1 C_4_170 30 20 0.9 0.1
1 C_4_170 30 20 0.9 0.1
1 C_4_170 30 20 0.9 0.1
1 C_4_170 30 20 0.9 0.1
1 C_4_171 30 20 0.9 0.1
1 C_4_171 30 20 0.9 0.1
1 C_4_171 30 20 0.9 0.1
1 C_4_171 30 20 0.9 0.1
1 C_4_171 30 20 0.9 0.1
1 C_4_171 30 20 0.9 0.1
1 C_4_171 30 20 0.9 0.1
1 C_4_171 30 20 0.9 0.1
1 C_4_171 30 20 0.9 0.1
1 C_4_171 30 20 0.9 0.1
1 C_4_172 30 20 0.9 0.1
1 C_4_172 30 20 0.9 0.1
1 C_4_172 30 20 0.9 0.1
1 C_4_172 30 20 0.9 0.1
1 C_4_172 30 20 0.9 0.1
1 C_4_172 30 20 0.9 0.1
1 C_4_172 30 20 0.9 0.1
1 C_4_172 30 20 0.9 0.1
1 C_4_172 30 20 0.9 0.1
1 C_4_172 30 20 0.9 0.1
1 C_4_173 30 20 0.9 0.1
1 C_4_173 30 20 0.9 0.1
1 C_4_173 30 20 0.9 0.1
1 C_4_173 30 20 0.9 0.1
1 C_4_173 30 20 0.9 0.1
1 C_4_173 30 20 0.9 0.1
1 C_4_173 30 20 0.9 0.1
1 C_4_173 30 20 0.9 0.1
1 C_4_173 30 20 0.9 0.1
1 C_4_173 30 20 0.9 0.1
1 C_4_174 30 20 0.9 0.1
1 C_4_174 30 20 0.9 0.1
1 C_4_174 30 20 0.9 0.1
1 C_4_174 30 20 0.9 0.1
1 C_4_174 30 20 0.9 0.1
1 C_4_174 30 20 0.9 0.1
1 C_4_174 30 20 0.9 0.1
1 C_4_174 30 20 0.9 0.1
1 C_4_174 30 20 0.9 0.1
1 C_4_174 30 20 0.9 0.1
1 C_4_175 30 20 0.9 0.1
1 C_4_175 30 20 0.9 0.1
1 C_4_175 30 20 0.9 0.1
1 C_4_175 30 20 0.9 0.1
1 C_4_175 30 20 0.9 0.1
1 C_4_175 30 20 0.9 0.1
1 C_4_175 30 20 0.9 0.1
1 C_4_175 30 20 0.9 0.1
1 C_4_175 30 20 0.9 0.1
1 C_4_175 30 20 0.9 0.1
1 C_4_176 30 20 0.9 0.1
1 C_4_176 30 20 0.9 0.1
1 C_4_176 30 20 0.9 0.1
1 C_4_176 30 20 0.9 0.1
1 C_4_176 30 20 0.9 0.1
1 C_4_176 30 20 0.9 0.1
1 C_4_176 30 20 0.9 0.1
1 C_4_176 30 20 0.9 0.1
1 C_4_176 30 20 0.9 0.1
1 C_4_176 30 20 0.9 0.1
1 C_4_177 30 20 0.9 0.1
1 C_4_177 30 20 0.9 0.1
1 C_4_177 30 20 0.9 0.1
1 C_4_177 30 20 0.9 0.1
1 C_4_177 30 20 0.9 0.1
1 C_4_177 30 20 0.9 0.1
1 C_4_177 30 20 0.9 0.1
1 C_4_177 30 20 0.9 0.1
1 C_4_177 30 20 0.9 0.1
1 C_4_177 30 20 0.9 0.1
1 C_4_178 30 20 0.9 0.1
1 C_4_178 30 20 0.9 0.1
1 C_4_178 30 20 0.9 0.1
1 C_4_178 30 20 0.9 0.1
1 C_4_178 30 20 0.9 0.1
1 C_4_178 30 20 0.9 0.1
1 C_4_178 30 20 0.9 0.1
1 C_4_178 30 20 0.9 0.1
1 C_4_178 30 20 0.9 0.1
1 C_4_178 30 20 0.9 0.1
1 C_4_179 30 20 0.9 0.1
1 C_4_179 30 20 0.9 0.1
1 C_4_179 30 20 0.9 0.1
1 C_4_179 30 20 0.9 0.1
1 C_4_179 30 20 0.9 0.1
1 C_4_179 30 20 0.9 0.1
1 C_4_179 30 20 0.9 0.1
1 C_4_179 30 20 0.9 0.1
1 C_4_179 30 20 0.9 0.1
1 C_4_179 30 20 0.9 0.1
1 C_4_180 30 20 0.9 0.1
1 C_4_180 30 20 0.9 0.1
1 C_4_180 30 20 0.9 0.1
1 C_4_180 30 20 0.9 0.1
1 C_4_180 30 20 0.9 0.1
1 C_4_180 30 20 0.9 0.1
1 C_4_180 30 20 0.9 0.1
1 C_4_180 30 20 0.9 0.1
1 C_4_180 30 20 0.9 0.1
1 C_4_180 30 20 0.9 0.1
1 C_4_181 30 20 0.9 0.1
1 C_4_181 30 20 0.9 0.1
1 C_4_181 30 20 0.9 0.1
1 C_4_181 30 20 0.9 0.1
1 C_4_181 30 20 0.9 0.1
1 C_4_181 30 20 0.9 0.1
1 C_4_181 30 20 0.9 0.1
1 C_4_181 30 20 0.9 0.1
1 C_4_181 30 20 0.9 0.1
1 C_4_181 30 20 0.9 0.1
1 C_4_182 30 20 0.9 0.1
1 C_4_182 30 20 0.9 0.1
1 C_4_182 30 20 0.9 0.1
1 C_4_182 30 20 0.9 0.1
1 C_4_182 30 20 0.9 0.1
1 C_4_182 30 20 0.9 0.1
1 C_4_182 30 20 0.9 0.1
1 C_4_182 30 20 0.9 0.1
1 C_4_182 30 20 0.9 0.1
1 C_4_182 30 20 0.9 0.1
1 C_4_183 30 20 0.9 0.1
1 C_4_183 30 20 0.9 0.1
1 C_4_183 30 20 0.9 0.1
1 C_4_183 30 20 0.9 0.1
1 C_4_183 30 20 0.9 0.1
1 C_4_183 30 20 0.9 0.1
1 C_4_183 30 20 0.9 0.1
1 C_4_183 30 20 0.9 0.1
1 C_4_183 30 20 0.9 0.1
1 C_4_183 30 20 0.9 0.1
1 C_4_184 30 20 0.9 0.1
1 C_4_184 30 20 0.9 0.1
1 C_4_184 30 20 0.9 0.1
1 C_4_184 30 20 0.9 0.1
1 C_4_184 30 20 0.9 0.1
1 C_4_184 30 20 0.9 0.1
1 C_4_184 30 20 0.9 0.1
1 C_4_184 30 20 0.9 0.1
1 C_4_184 30 20 0.9 0.1
1 C_4_184 30 20 0.9 0.1
1 C_4_185 30 20 0.9 0.1
1 C_4_185 30 20 0.9 0.1
1 C_4_185 30 20 0.9 0.1
1 C_4_185 30 20 0.9 0.1
1 C_4_185 30 20 0.9 0.1
1 C_4_185 30 20 0.9 0.1
1 C_4_185 30 20 0.9 0.1
1 C_4_185 30 20 0.9 0.1
1 C_4_185 30 20 0.9 0.1
1 C_4_185 30 20 0.9 0.1
1 C_4_186 30 20 0.9 0.1
1 C_4_186 30 20 0.9 0.1
1 C_4_186 30 20 0.9 0.1
1 C_4_186 30 20 0.9 0.1
1 C_4_186 30 20 0.9 0.1
1 C_4_186 30 20 0.9 0.1
1 C_4_186 30 20 0.9 0.1
1 C_4_186 30 20 0.9 0.1
1 C_4_186 30 20 0.9 0.1
1 C_4_186 30 20 0.9 0.1
1 C_4_187 30 20 0.9 0.1
1 C_4_187 30 20 0.9 0.1
1 C_4_187 30 20 0.9 0.1
1 C_4_187 30 20 0.9 0.1
1 C_4_187 30 20 0.9 0.1
1 C_4_187 30 20 0.9 0.1
1 C_4_187 30 20 0.9 0.1
1 C_4_187 30 20 0.9 0.1
1 C_4_187 30 20 0.9 0.1
1 C_4_187 30 20 0.9 0.1
1 C_4_188 30 20 0.9 0.1
1 C_4_188 30 20 0.9 0.1
1 C_4_188 30 20 0.9 0.1
1 C_4_188 30 20 0.9 0.1
1 C_4_188 30 20 0.9 0.1
1 C_4_188 30 20 0.9 0.1
1 C_4_188 30 20 0.9 0.1
1 C_4_188 30 20 0.9 0.1
1 C_4_188 30 20 0.9 0.1
1 C_4_188 30 20 0.9 0.1
1 C_4_189 30 20 0.9 0.1
1 C_4_189 30 20 0.9 0.1
1 C_4_189 30 20 0.9 0.1
1 C_4_189 30 20 0.9 0.1
1 C_4_189 30 20 0.9 0.1
1 C_4_189 30 20 0.9 0.1
1 C_4_189 30 20 0.9 0.1
1 C_4_189 30 20 0.9 0.1
1 C_4_189 30 20 0.9 0.1
1 C_4_189 30 20 0.9 0.1
1 C_4_190 30 20 0.9 0.1
1 C_4_190 30 20 0.9 0.1
1 C_4_190 30 20 0.9 0.1
1 C_4_190 30 20 0.9 0.1
1 C_4_190 30 20 0.9 0.1
1 C_4_190 30 20 0.9 0.1
1 C_4_190 30 20 0.9 0.1
1 C_4_190 30 20 0.9 0.1
1 C_4_190 30 20 0.9 0.1
1 C_4_190 30 20 0.9 0.1
1 C_4_191 30 20 0.9 0.1
1 C_4_191 30 20 0.9 0.1
1 C_4_191 30 20 0.9 0.1
1 C_4_191 30 20 0.9 0.1
1 C_4_191 30 20 0.9 0.1
1 C_4_191 30 20 0.9 0.1
1 C_4_191 30 20 0.9 0.1
1 C_4_191 30 20 0.9 0.1
1 C_4_191 30 20 0.9 0.1
1 C_4_191 30 20 0.9 0.1
1 C_4_192 30 20 0.9 0.1
1 C_4_192 30 20 0.9 0.1
1 C_4_192 30 20 0.9 0.1
1 C_4_192 30 20 0.9 0.1
1 C_4_192 30 20 0.9 0.1
1 C_4_192 30 20 0.9 0.1
1 C_4_192 30 20 0.9 0.1
1 C_4_192 30 20 0.9 0.1
1 C_4_192 30 20 0.9 0.1
1 C_4_192 30 20 0.9 0.1
1 C_4_193 30 20 0.9 0.1
1 C_4_193 30 20 0.9 0.1
1 C_4_193 30 20 0.9 0.1
1 C_4_193 30 20 0.9 0.1
1 C_4_193 30 20 0.9 0.1
1 C_4_193 30 20 0.9 0.1
1 C_4_193 30 20 0.9 0.1
1 C_4_193 30 20 0.9 0.1
1 C_4_193 30 20 0.9 0.1
1 C_4_193 30 20 0.9 0.1
1 C_4_194 30 20 0.9 0.1
1 C_4_194 30 20 0.9 0.1
1 C_4_194 30 20 0.9 0.1
1 C_4_194 30 20 0.9 0.1
1 C_4_194 30 20 0.9 0.1
1 C_4_194 30 20 0.9 0.1
1 C_4_194 30 20 0.9 0.1
1 C_4_194 30 20 0.9 0.1
1 C_4_194 30 20 0.9 0.1
1 C_4_194 30 20 0.9 0.1
1 C_4_195 30 20 0.9 0.1
1 C_4_195 30 20 0.9 0.1
1 C_4_195 30 20 0.9 0.1
1 C_4_195 30 20 0.9 0.1
1 C_4_195 30 20 0.9 0.1
1 C_4_195 30 20 0.9 0.1
1 C_4_195 30 20 0.9 0.1
1 C_4_195 30 20 0.9 0.1
1 C_4_195 30 20 0.9 0.1
1 C_4_195 30 20 0.9 0.1
1 C_4_196 30 20 0.9 0.1
1 C_4_196 30 20 0.9 0.1
1 C_4_196 30 20 0.9 0.1
1 C_4_196 30 20 0.9 0.1
1 C_4_196 30 20 0.9 0.1
1 C_4_196 30 20 0.9 0.1
1 C_4_196 30 20 0.9 0.1
1 C_4_196 30 20 0.9 0.1
1 C_4_196 30 20 0.9 0.1
1 C_4_196 30 20 0.9 0.1
1 C_4_197 30 20 0.9 0.1
1 C_4_197 30 20 0.9 0.1
1 C_4_197 30 20 0.9 0.1
1 C_4_197 30 20 0.9 0.1
1 C_4_197 30 20 0.9 0.1
1 C_4_197 30 20 0.9 0.1
1 C_4_197 30 20 0.9 0.1
1 C_4_197 30 20 0.9 0.1
1 C_4_197 30 20 0.9 0.1
1 C_4_197 30 20 0.9 0.1
1 C_4_198 30 20 0.9 0.1
1 C_4_198 30 20 0.9 0.1
1 C_4_198 30 20 0.9 0.1
1 C_4_198 30 20 0.9 0.1
1 C_4_198 30 20 0.9 0.1
1 C_4_198 30 20 0.9 0.1
1 C_4_198 30 20 0.9 0.1
1 C_4_198 30 20 0.9 0.1
1 C_4_198 30 20 0.9 0.1
1 C_4_198 30 20 0.9 0.1
1 C_4_199 30 20 0.9 0.1
1 C_4_199 30 20 0.9 0.1
1 C_4_199 30 20 0.9 0.1
1 C_4_199 30 20 0.9 0.1
1 C_4_199 30 20 0.9 0.1
1 C_4_199 30 20 0.9 0.1
1 C_4_199 30 20 0.9 0.1
1 C_4_199 30 20 0.9 0.1
1 C_4_199 30 20 0.9 0.1
1 C_4_199 30 20 0.9 0.1
1 C_4_200 30 20 0.9 0.1
1 C_4_200 30 20 0.9 0.1
1 C_4_200 30 20 0.9 0.1
1 C_4_200 30 20 0.9 0.1
1 C_4_200 30 20 0.9 0.1
1 C_4_200 30 20 0.9 0.1
1 C_4_200 30 20 0.9 0.1
1 C_4_200 30 20 0.9 0.1
1 C_4_200 30 20 0.9 0.1
1 C_4_200 30 20 0.9 0.1