1 C_4_161 30 20 0.9 0.1
1 C_4_161 30 20 0.9 0.1
1 C_4_161 30 20 0.9 0.1
1 C_4_161 30 20 0.9 0.1
1 C_4_161 30 20 0.9 0.1
1 C_4_161 30 20 0.9 0.1
1 C_4_161 30 20 0.9 0.1
1 C_4_161 30 20 0.9 0.1
1 C_4_161 30 20 0.9 0.1
1 C_4_161 30 20 0.9 0.1
1 C_4_162 30 20 0.9 0.1
1 C_4_162 30 20 0.9 0.1
1 C_4_162 30 20 0.9 0.1
1 C_4_162 30 20 0.9 0.1
1 C_4_162 30 20 0.9 0.1
1 C_4_162 30 20 0.9 0.1
1 C_4_162 30 20 0.9 0.1
1 C_4_162 30 20 0.9 0.1
1 C_4_162 30 20 0.9 0.1
1 C_4_162 30 20 0.9 0.1
1 C_4_163 30 20 0.9 0.1
1 C_4_163 30 20 0.9 0.1
1 C_4_163 30 20 0.9 0.1
1 C_4_163 30 20 0.9 0.1
1 C_4_163 30 20 0.9 0.1
1 C_4_163 30 20 0.9 0.1
1 C_4_163 30 20 0.9 0.1
1 C_4_163 30 20 0.9 0.1
1 C_4_163 30 20 0.9 0.1
1 C_4_163 30 20 0.9 0.1
1 C_4_164 30 20 0.9 0.1
1 C_4_164 30 20 0.9 0.1
1 C_4_164 30 20 0.9 0.1
1 C_4_164 30 20 0.9 0.1
1 C_4_164 30 20 0.9 0.1
1 C_4_164 30 20 0.9 0.1
1 C_4_164 30 20 0.9 0.1
1 C_4_164 30 20 0.9 0.1
1 C_4_164 30 20 0.9 0.1
1 C_4_164 30 20 0.9 0.1
1 C_4_165 30 20 0.9 0.1
1 C_4_165 30 20 0.9 0.1
1 C_4_165 30 20 0.9 0.1
1 C_4_165 30 20 0.9 0.1
1 C_4_165 30 20 0.9 0.1
1 C_4_165 30 20 0.9 0.1
1 C_4_165 30 20 0.9 0.1
1 C_4_165 30 20 0.9 0.1
1 C_4_165 30 20 0.9 0.1
1 C_4_165 30 20 0.9 0.1
1 C_4_166 30 20 0.9 0.1
1 C_4_166 30 20 0.9 0.1
1 C_4_166 30 20 0.9 0.1
1 C_4_166 30 20 0.9 0.1
1 C_4_166 30 20 0.9 0.1
1 C_4_166 30 20 0.9 0.1
1 C_4_166 30 20 0.9 0.1
1 C_4_166 30 20 0.9 0.1
1 C_4_166 30 20 0.9 0.1
1 C_4_166 30 20 0.9 0.1
1 C_4_167 30 20 0.9 0.1
1 C_4_167 30 20 0.9 0.1
1 C_4_167 30 20 0.9 0.1
1 C_4_167 30 20 0.9 0.1
1 C_4_167 30 20 0.9 0.1
1 C_4_167 30 20 0.9 0.1
1 C_4_167 30 20 0.9 0.1
1 C_4_167 30 20 0.9 0.1
1 C_4_167 30 20 0.9 0.1
1 C_4_167 30 20 0.9 0.1
1 C_4_168 30 20 0.9 0.1
1 C_4_168 30 20 0.9 0.1
1 C_4_168 30 20 0.9 0.1
1 C_4_168 30 20 0.9 0.1
1 C_4_168 30 20 0.9 0.1
1 C_4_168 30 20 0.9 0.1
1 C_4_168 30 20 0.9 0.1
1 C_4_168 30 20 0.9 0.1
1 C_4_168 30 20 0.9 0.1
1 C_4_168 30 20 0.9 0.1
1 C_4_169 30 20 0.9 0.1
1 C_4_169 30 20 0.9 0.1
1 C_4_169 30 20 0.9 0.1
1 C_4_169 30 20 0.9 0.1
1 C_4_169 30 20 0.9 0.1
1 C_4_169 30 20 0.9 0.1
1 C_4_169 30 20 0.9 0.1
1 C_4_169 30 20 0.9 0.1
1 C_4_169 30 20 0.9 0.1
1 C_4_169 30 20 0.9 0.1
1 C_4_170 30 20 0.9 0.1
1 C_4_170 30 20 0.9 0.1
1 C_4_170 30 20 0.9 0.1
1 C_4_170 30 20 0.9 0.1
1 C_4_170 30 20 0.9 0.1
1 C_4_170 30 20 0.9 0.1
1 C_4_170 30 20 0.9 0.1
1 C_4_170 30 20 0.9 0.1
1 C_4_170 30 20 0.9 0.1
1 C_4_170 30 20 0.9 0.1