1 C_5_247 30 20 0.9 0.1
1 C_5_247 30 20 0.9 0.1
1 C_5_247 30 20 0.9 0.1
1 C_5_247 30 20 0.9 0.1
1 C_5_247 30 20 0.9 0.1
1 C_5_247 30 20 0.9 0.1
1 C_5_247 30 20 0.9 0.1
1 C_5_247 30 20 0.9 0.1
1 C_5_247 30 20 0.9 0.1
1 C_5_247 30 20 0.9 0.1
1 C_5_248 30 20 0.9 0.1
1 C_5_248 30 20 0.9 0.1
1 C_5_248 30 20 0.9 0.1
1 C_5_248 30 20 0.9 0.1
1 C_5_248 30 20 0.9 0.1
1 C_5_248 30 20 0.9 0.1
1 C_5_248 30 20 0.9 0.1
1 C_5_248 30 20 0.9 0.1
1 C_5_248 30 20 0.9 0.1
1 C_5_248 30 20 0.9 0.1
1 C_5_249 30 20 0.9 0.1
1 C_5_249 30 20 0.9 0.1
1 C_5_249 30 20 0.9 0.1
1 C_5_249 30 20 0.9 0.1
1 C_5_249 30 20 0.9 0.1
1 C_5_249 30 20 0.9 0.1
1 C_5_249 30 20 0.9 0.1
1 C_5_249 30 20 0.9 0.1
1 C_5_249 30 20 0.9 0.1
1 C_5_249 30 20 0.9 0.1
1 C_5_250 30 20 0.9 0.1
1 C_5_250 30 20 0.9 0.1
1 C_5_250 30 20 0.9 0.1
1 C_5_250 30 20 0.9 0.1
1 C_5_250 30 20 0.9 0.1
1 C_5_250 30 20 0.9 0.1
1 C_5_250 30 20 0.9 0.1
1 C_5_250 30 20 0.9 0.1
1 C_5_250 30 20 0.9 0.1
1 C_5_250 30 20 0.9 0.1