1 C_5_201 30 20 0.9 0.1
1 C_5_201 30 20 0.9 0.1
1 C_5_201 30 20 0.9 0.1
1 C_5_201 30 20 0.9 0.1
1 C_5_201 30 20 0.9 0.1
1 C_5_201 30 20 0.9 0.1
1 C_5_201 30 20 0.9 0.1
1 C_5_201 30 20 0.9 0.1
1 C_5_201 30 20 0.9 0.1
1 C_5_201 30 20 0.9 0.1
1 C_5_202 30 20 0.9 0.1
1 C_5_202 30 20 0.9 0.1
1 C_5_202 30 20 0.9 0.1
1 C_5_202 30 20 0.9 0.1
1 C_5_202 30 20 0.9 0.1
1 C_5_202 30 20 0.9 0.1
1 C_5_202 30 20 0.9 0.1
1 C_5_202 30 20 0.9 0.1
1 C_5_202 30 20 0.9 0.1
1 C_5_202 30 20 0.9 0.1
1 C_5_203 30 20 0.9 0.1
1 C_5_203 30 20 0.9 0.1
1 C_5_203 30 20 0.9 0.1
1 C_5_203 30 20 0.9 0.1
1 C_5_203 30 20 0.9 0.1
1 C_5_203 30 20 0.9 0.1
1 C_5_203 30 20 0.9 0.1
1 C_5_203 30 20 0.9 0.1
1 C_5_203 30 20 0.9 0.1
1 C_5_203 30 20 0.9 0.1
1 C_5_204 30 20 0.9 0.1
1 C_5_204 30 20 0.9 0.1
1 C_5_204 30 20 0.9 0.1
1 C_5_204 30 20 0.9 0.1
1 C_5_204 30 20 0.9 0.1
1 C_5_204 30 20 0.9 0.1
1 C_5_204 30 20 0.9 0.1
1 C_5_204 30 20 0.9 0.1
1 C_5_204 30 20 0.9 0.1
1 C_5_204 30 20 0.9 0.1
1 C_5_205 30 20 0.9 0.1
1 C_5_205 30 20 0.9 0.1
1 C_5_205 30 20 0.9 0.1
1 C_5_205 30 20 0.9 0.1
1 C_5_205 30 20 0.9 0.1
1 C_5_205 30 20 0.9 0.1
1 C_5_205 30 20 0.9 0.1
1 C_5_205 30 20 0.9 0.1
1 C_5_205 30 20 0.9 0.1
1 C_5_205 30 20 0.9 0.1
1 C_5_206 30 20 0.9 0.1
1 C_5_206 30 20 0.9 0.1
1 C_5_206 30 20 0.9 0.1
1 C_5_206 30 20 0.9 0.1
1 C_5_206 30 20 0.9 0.1
1 C_5_206 30 20 0.9 0.1
1 C_5_206 30 20 0.9 0.1
1 C_5_206 30 20 0.9 0.1
1 C_5_206 30 20 0.9 0.1
1 C_5_206 30 20 0.9 0.1
1 C_5_207 30 20 0.9 0.1
1 C_5_207 30 20 0.9 0.1
1 C_5_207 30 20 0.9 0.1
1 C_5_207 30 20 0.9 0.1
1 C_5_207 30 20 0.9 0.1
1 C_5_207 30 20 0.9 0.1
1 C_5_207 30 20 0.9 0.1
1 C_5_207 30 20 0.9 0.1
1 C_5_207 30 20 0.9 0.1
1 C_5_207 30 20 0.9 0.1
1 C_5_208 30 20 0.9 0.1
1 C_5_208 30 20 0.9 0.1
1 C_5_208 30 20 0.9 0.1
1 C_5_208 30 20 0.9 0.1
1 C_5_208 30 20 0.9 0.1
1 C_5_208 30 20 0.9 0.1
1 C_5_208 30 20 0.9 0.1
1 C_5_208 30 20 0.9 0.1
1 C_5_208 30 20 0.9 0.1
1 C_5_208 30 20 0.9 0.1
1 C_5_209 30 20 0.9 0.1
1 C_5_209 30 20 0.9 0.1
1 C_5_209 30 20 0.9 0.1
1 C_5_209 30 20 0.9 0.1
1 C_5_209 30 20 0.9 0.1
1 C_5_209 30 20 0.9 0.1
1 C_5_209 30 20 0.9 0.1
1 C_5_209 30 20 0.9 0.1
1 C_5_209 30 20 0.9 0.1
1 C_5_209 30 20 0.9 0.1
1 C_5_210 30 20 0.9 0.1
1 C_5_210 30 20 0.9 0.1
1 C_5_210 30 20 0.9 0.1
1 C_5_210 30 20 0.9 0.1
1 C_5_210 30 20 0.9 0.1
1 C_5_210 30 20 0.9 0.1
1 C_5_210 30 20 0.9 0.1
1 C_5_210 30 20 0.9 0.1
1 C_5_210 30 20 0.9 0.1
1 C_5_210 30 20 0.9 0.1