1 C_5_201 30 20 0.9 0.1
1 C_5_201 30 20 0.9 0.1
1 C_5_201 30 20 0.9 0.1
1 C_5_201 30 20 0.9 0.1
1 C_5_201 30 20 0.9 0.1
1 C_5_201 30 20 0.9 0.1
1 C_5_201 30 20 0.9 0.1
1 C_5_201 30 20 0.9 0.1
1 C_5_201 30 20 0.9 0.1
1 C_5_201 30 20 0.9 0.1
1 C_5_202 30 20 0.9 0.1
1 C_5_202 30 20 0.9 0.1
1 C_5_202 30 20 0.9 0.1
1 C_5_202 30 20 0.9 0.1
1 C_5_202 30 20 0.9 0.1
1 C_5_202 30 20 0.9 0.1
1 C_5_202 30 20 0.9 0.1
1 C_5_202 30 20 0.9 0.1
1 C_5_202 30 20 0.9 0.1
1 C_5_202 30 20 0.9 0.1
1 C_5_203 30 20 0.9 0.1
1 C_5_203 30 20 0.9 0.1
1 C_5_203 30 20 0.9 0.1
1 C_5_203 30 20 0.9 0.1
1 C_5_203 30 20 0.9 0.1
1 C_5_203 30 20 0.9 0.1
1 C_5_203 30 20 0.9 0.1
1 C_5_203 30 20 0.9 0.1
1 C_5_203 30 20 0.9 0.1
1 C_5_203 30 20 0.9 0.1
1 C_5_204 30 20 0.9 0.1
1 C_5_204 30 20 0.9 0.1
1 C_5_204 30 20 0.9 0.1
1 C_5_204 30 20 0.9 0.1
1 C_5_204 30 20 0.9 0.1
1 C_5_204 30 20 0.9 0.1
1 C_5_204 30 20 0.9 0.1
1 C_5_204 30 20 0.9 0.1
1 C_5_204 30 20 0.9 0.1
1 C_5_204 30 20 0.9 0.1
1 C_5_205 30 20 0.9 0.1
1 C_5_205 30 20 0.9 0.1
1 C_5_205 30 20 0.9 0.1
1 C_5_205 30 20 0.9 0.1
1 C_5_205 30 20 0.9 0.1
1 C_5_205 30 20 0.9 0.1
1 C_5_205 30 20 0.9 0.1
1 C_5_205 30 20 0.9 0.1
1 C_5_205 30 20 0.9 0.1
1 C_5_205 30 20 0.9 0.1
1 C_5_206 30 20 0.9 0.1
1 C_5_206 30 20 0.9 0.1
1 C_5_206 30 20 0.9 0.1
1 C_5_206 30 20 0.9 0.1
1 C_5_206 30 20 0.9 0.1
1 C_5_206 30 20 0.9 0.1
1 C_5_206 30 20 0.9 0.1
1 C_5_206 30 20 0.9 0.1
1 C_5_206 30 20 0.9 0.1
1 C_5_206 30 20 0.9 0.1
1 C_5_207 30 20 0.9 0.1
1 C_5_207 30 20 0.9 0.1
1 C_5_207 30 20 0.9 0.1
1 C_5_207 30 20 0.9 0.1
1 C_5_207 30 20 0.9 0.1
1 C_5_207 30 20 0.9 0.1
1 C_5_207 30 20 0.9 0.1
1 C_5_207 30 20 0.9 0.1
1 C_5_207 30 20 0.9 0.1
1 C_5_207 30 20 0.9 0.1
1 C_5_208 30 20 0.9 0.1
1 C_5_208 30 20 0.9 0.1
1 C_5_208 30 20 0.9 0.1
1 C_5_208 30 20 0.9 0.1
1 C_5_208 30 20 0.9 0.1
1 C_5_208 30 20 0.9 0.1
1 C_5_208 30 20 0.9 0.1
1 C_5_208 30 20 0.9 0.1
1 C_5_208 30 20 0.9 0.1
1 C_5_208 30 20 0.9 0.1
1 C_5_209 30 20 0.9 0.1
1 C_5_209 30 20 0.9 0.1
1 C_5_209 30 20 0.9 0.1
1 C_5_209 30 20 0.9 0.1
1 C_5_209 30 20 0.9 0.1
1 C_5_209 30 20 0.9 0.1
1 C_5_209 30 20 0.9 0.1
1 C_5_209 30 20 0.9 0.1
1 C_5_209 30 20 0.9 0.1
1 C_5_209 30 20 0.9 0.1
1 C_5_210 30 20 0.9 0.1
1 C_5_210 30 20 0.9 0.1
1 C_5_210 30 20 0.9 0.1
1 C_5_210 30 20 0.9 0.1
1 C_5_210 30 20 0.9 0.1
1 C_5_210 30 20 0.9 0.1
1 C_5_210 30 20 0.9 0.1
1 C_5_210 30 20 0.9 0.1
1 C_5_210 30 20 0.9 0.1
1 C_5_210 30 20 0.9 0.1
1 C_5_211 30 20 0.9 0.1
1 C_5_211 30 20 0.9 0.1
1 C_5_211 30 20 0.9 0.1
1 C_5_211 30 20 0.9 0.1
1 C_5_211 30 20 0.9 0.1
1 C_5_211 30 20 0.9 0.1
1 C_5_211 30 20 0.9 0.1
1 C_5_211 30 20 0.9 0.1
1 C_5_211 30 20 0.9 0.1
1 C_5_211 30 20 0.9 0.1
1 C_5_212 30 20 0.9 0.1
1 C_5_212 30 20 0.9 0.1
1 C_5_212 30 20 0.9 0.1
1 C_5_212 30 20 0.9 0.1
1 C_5_212 30 20 0.9 0.1
1 C_5_212 30 20 0.9 0.1
1 C_5_212 30 20 0.9 0.1
1 C_5_212 30 20 0.9 0.1
1 C_5_212 30 20 0.9 0.1
1 C_5_212 30 20 0.9 0.1
1 C_5_213 30 20 0.9 0.1
1 C_5_213 30 20 0.9 0.1
1 C_5_213 30 20 0.9 0.1
1 C_5_213 30 20 0.9 0.1
1 C_5_213 30 20 0.9 0.1
1 C_5_213 30 20 0.9 0.1
1 C_5_213 30 20 0.9 0.1
1 C_5_213 30 20 0.9 0.1
1 C_5_213 30 20 0.9 0.1
1 C_5_213 30 20 0.9 0.1
1 C_5_214 30 20 0.9 0.1
1 C_5_214 30 20 0.9 0.1
1 C_5_214 30 20 0.9 0.1
1 C_5_214 30 20 0.9 0.1
1 C_5_214 30 20 0.9 0.1
1 C_5_214 30 20 0.9 0.1
1 C_5_214 30 20 0.9 0.1
1 C_5_214 30 20 0.9 0.1
1 C_5_214 30 20 0.9 0.1
1 C_5_214 30 20 0.9 0.1
1 C_5_215 30 20 0.9 0.1
1 C_5_215 30 20 0.9 0.1
1 C_5_215 30 20 0.9 0.1
1 C_5_215 30 20 0.9 0.1
1 C_5_215 30 20 0.9 0.1
1 C_5_215 30 20 0.9 0.1
1 C_5_215 30 20 0.9 0.1
1 C_5_215 30 20 0.9 0.1
1 C_5_215 30 20 0.9 0.1
1 C_5_215 30 20 0.9 0.1
1 C_5_216 30 20 0.9 0.1
1 C_5_216 30 20 0.9 0.1
1 C_5_216 30 20 0.9 0.1
1 C_5_216 30 20 0.9 0.1
1 C_5_216 30 20 0.9 0.1
1 C_5_216 30 20 0.9 0.1
1 C_5_216 30 20 0.9 0.1
1 C_5_216 30 20 0.9 0.1
1 C_5_216 30 20 0.9 0.1
1 C_5_216 30 20 0.9 0.1
1 C_5_217 30 20 0.9 0.1
1 C_5_217 30 20 0.9 0.1
1 C_5_217 30 20 0.9 0.1
1 C_5_217 30 20 0.9 0.1
1 C_5_217 30 20 0.9 0.1
1 C_5_217 30 20 0.9 0.1
1 C_5_217 30 20 0.9 0.1
1 C_5_217 30 20 0.9 0.1
1 C_5_217 30 20 0.9 0.1
1 C_5_217 30 20 0.9 0.1
1 C_5_218 30 20 0.9 0.1
1 C_5_218 30 20 0.9 0.1
1 C_5_218 30 20 0.9 0.1
1 C_5_218 30 20 0.9 0.1
1 C_5_218 30 20 0.9 0.1
1 C_5_218 30 20 0.9 0.1
1 C_5_218 30 20 0.9 0.1
1 C_5_218 30 20 0.9 0.1
1 C_5_218 30 20 0.9 0.1
1 C_5_218 30 20 0.9 0.1
1 C_5_219 30 20 0.9 0.1
1 C_5_219 30 20 0.9 0.1
1 C_5_219 30 20 0.9 0.1
1 C_5_219 30 20 0.9 0.1
1 C_5_219 30 20 0.9 0.1
1 C_5_219 30 20 0.9 0.1
1 C_5_219 30 20 0.9 0.1
1 C_5_219 30 20 0.9 0.1
1 C_5_219 30 20 0.9 0.1
1 C_5_219 30 20 0.9 0.1
1 C_5_220 30 20 0.9 0.1
1 C_5_220 30 20 0.9 0.1
1 C_5_220 30 20 0.9 0.1
1 C_5_220 30 20 0.9 0.1
1 C_5_220 30 20 0.9 0.1
1 C_5_220 30 20 0.9 0.1
1 C_5_220 30 20 0.9 0.1
1 C_5_220 30 20 0.9 0.1
1 C_5_220 30 20 0.9 0.1
1 C_5_220 30 20 0.9 0.1
1 C_5_221 30 20 0.9 0.1
1 C_5_221 30 20 0.9 0.1
1 C_5_221 30 20 0.9 0.1
1 C_5_221 30 20 0.9 0.1
1 C_5_221 30 20 0.9 0.1
1 C_5_221 30 20 0.9 0.1
1 C_5_221 30 20 0.9 0.1
1 C_5_221 30 20 0.9 0.1
1 C_5_221 30 20 0.9 0.1
1 C_5_221 30 20 0.9 0.1
1 C_5_222 30 20 0.9 0.1
1 C_5_222 30 20 0.9 0.1
1 C_5_222 30 20 0.9 0.1
1 C_5_222 30 20 0.9 0.1
1 C_5_222 30 20 0.9 0.1
1 C_5_222 30 20 0.9 0.1
1 C_5_222 30 20 0.9 0.1
1 C_5_222 30 20 0.9 0.1
1 C_5_222 30 20 0.9 0.1
1 C_5_222 30 20 0.9 0.1
1 C_5_223 30 20 0.9 0.1
1 C_5_223 30 20 0.9 0.1
1 C_5_223 30 20 0.9 0.1
1 C_5_223 30 20 0.9 0.1
1 C_5_223 30 20 0.9 0.1
1 C_5_223 30 20 0.9 0.1
1 C_5_223 30 20 0.9 0.1
1 C_5_223 30 20 0.9 0.1
1 C_5_223 30 20 0.9 0.1
1 C_5_223 30 20 0.9 0.1
1 C_5_224 30 20 0.9 0.1
1 C_5_224 30 20 0.9 0.1
1 C_5_224 30 20 0.9 0.1
1 C_5_224 30 20 0.9 0.1
1 C_5_224 30 20 0.9 0.1
1 C_5_224 30 20 0.9 0.1
1 C_5_224 30 20 0.9 0.1
1 C_5_224 30 20 0.9 0.1
1 C_5_224 30 20 0.9 0.1
1 C_5_224 30 20 0.9 0.1
1 C_5_225 30 20 0.9 0.1
1 C_5_225 30 20 0.9 0.1
1 C_5_225 30 20 0.9 0.1
1 C_5_225 30 20 0.9 0.1
1 C_5_225 30 20 0.9 0.1
1 C_5_225 30 20 0.9 0.1
1 C_5_225 30 20 0.9 0.1
1 C_5_225 30 20 0.9 0.1
1 C_5_225 30 20 0.9 0.1
1 C_5_225 30 20 0.9 0.1
1 C_5_226 30 20 0.9 0.1
1 C_5_226 30 20 0.9 0.1
1 C_5_226 30 20 0.9 0.1
1 C_5_226 30 20 0.9 0.1
1 C_5_226 30 20 0.9 0.1
1 C_5_226 30 20 0.9 0.1
1 C_5_226 30 20 0.9 0.1
1 C_5_226 30 20 0.9 0.1
1 C_5_226 30 20 0.9 0.1
1 C_5_226 30 20 0.9 0.1
1 C_5_227 30 20 0.9 0.1
1 C_5_227 30 20 0.9 0.1
1 C_5_227 30 20 0.9 0.1
1 C_5_227 30 20 0.9 0.1
1 C_5_227 30 20 0.9 0.1
1 C_5_227 30 20 0.9 0.1
1 C_5_227 30 20 0.9 0.1
1 C_5_227 30 20 0.9 0.1
1 C_5_227 30 20 0.9 0.1
1 C_5_227 30 20 0.9 0.1
1 C_5_228 30 20 0.9 0.1
1 C_5_228 30 20 0.9 0.1
1 C_5_228 30 20 0.9 0.1
1 C_5_228 30 20 0.9 0.1
1 C_5_228 30 20 0.9 0.1
1 C_5_228 30 20 0.9 0.1
1 C_5_228 30 20 0.9 0.1
1 C_5_228 30 20 0.9 0.1
1 C_5_228 30 20 0.9 0.1
1 C_5_228 30 20 0.9 0.1
1 C_5_229 30 20 0.9 0.1
1 C_5_229 30 20 0.9 0.1
1 C_5_229 30 20 0.9 0.1
1 C_5_229 30 20 0.9 0.1
1 C_5_229 30 20 0.9 0.1
1 C_5_229 30 20 0.9 0.1
1 C_5_229 30 20 0.9 0.1
1 C_5_229 30 20 0.9 0.1
1 C_5_229 30 20 0.9 0.1
1 C_5_229 30 20 0.9 0.1
1 C_5_230 30 20 0.9 0.1
1 C_5_230 30 20 0.9 0.1
1 C_5_230 30 20 0.9 0.1
1 C_5_230 30 20 0.9 0.1
1 C_5_230 30 20 0.9 0.1
1 C_5_230 30 20 0.9 0.1
1 C_5_230 30 20 0.9 0.1
1 C_5_230 30 20 0.9 0.1
1 C_5_230 30 20 0.9 0.1
1 C_5_230 30 20 0.9 0.1
1 C_5_231 30 20 0.9 0.1
1 C_5_231 30 20 0.9 0.1
1 C_5_231 30 20 0.9 0.1
1 C_5_231 30 20 0.9 0.1
1 C_5_231 30 20 0.9 0.1
1 C_5_231 30 20 0.9 0.1
1 C_5_231 30 20 0.9 0.1
1 C_5_231 30 20 0.9 0.1
1 C_5_231 30 20 0.9 0.1
1 C_5_231 30 20 0.9 0.1
1 C_5_232 30 20 0.9 0.1
1 C_5_232 30 20 0.9 0.1
1 C_5_232 30 20 0.9 0.1
1 C_5_232 30 20 0.9 0.1
1 C_5_232 30 20 0.9 0.1
1 C_5_232 30 20 0.9 0.1
1 C_5_232 30 20 0.9 0.1
1 C_5_232 30 20 0.9 0.1
1 C_5_232 30 20 0.9 0.1
1 C_5_232 30 20 0.9 0.1
1 C_5_233 30 20 0.9 0.1
1 C_5_233 30 20 0.9 0.1
1 C_5_233 30 20 0.9 0.1
1 C_5_233 30 20 0.9 0.1
1 C_5_233 30 20 0.9 0.1
1 C_5_233 30 20 0.9 0.1
1 C_5_233 30 20 0.9 0.1
1 C_5_233 30 20 0.9 0.1
1 C_5_233 30 20 0.9 0.1
1 C_5_233 30 20 0.9 0.1
1 C_5_234 30 20 0.9 0.1
1 C_5_234 30 20 0.9 0.1
1 C_5_234 30 20 0.9 0.1
1 C_5_234 30 20 0.9 0.1
1 C_5_234 30 20 0.9 0.1
1 C_5_234 30 20 0.9 0.1
1 C_5_234 30 20 0.9 0.1
1 C_5_234 30 20 0.9 0.1
1 C_5_234 30 20 0.9 0.1
1 C_5_234 30 20 0.9 0.1
1 C_5_235 30 20 0.9 0.1
1 C_5_235 30 20 0.9 0.1
1 C_5_235 30 20 0.9 0.1
1 C_5_235 30 20 0.9 0.1
1 C_5_235 30 20 0.9 0.1
1 C_5_235 30 20 0.9 0.1
1 C_5_235 30 20 0.9 0.1
1 C_5_235 30 20 0.9 0.1
1 C_5_235 30 20 0.9 0.1
1 C_5_235 30 20 0.9 0.1
1 C_5_236 30 20 0.9 0.1
1 C_5_236 30 20 0.9 0.1
1 C_5_236 30 20 0.9 0.1
1 C_5_236 30 20 0.9 0.1
1 C_5_236 30 20 0.9 0.1
1 C_5_236 30 20 0.9 0.1
1 C_5_236 30 20 0.9 0.1
1 C_5_236 30 20 0.9 0.1
1 C_5_236 30 20 0.9 0.1
1 C_5_236 30 20 0.9 0.1
1 C_5_237 30 20 0.9 0.1
1 C_5_237 30 20 0.9 0.1
1 C_5_237 30 20 0.9 0.1
1 C_5_237 30 20 0.9 0.1
1 C_5_237 30 20 0.9 0.1
1 C_5_237 30 20 0.9 0.1
1 C_5_237 30 20 0.9 0.1
1 C_5_237 30 20 0.9 0.1
1 C_5_237 30 20 0.9 0.1
1 C_5_237 30 20 0.9 0.1
1 C_5_238 30 20 0.9 0.1
1 C_5_238 30 20 0.9 0.1
1 C_5_238 30 20 0.9 0.1
1 C_5_238 30 20 0.9 0.1
1 C_5_238 30 20 0.9 0.1
1 C_5_238 30 20 0.9 0.1
1 C_5_238 30 20 0.9 0.1
1 C_5_238 30 20 0.9 0.1
1 C_5_238 30 20 0.9 0.1
1 C_5_238 30 20 0.9 0.1
1 C_5_239 30 20 0.9 0.1
1 C_5_239 30 20 0.9 0.1
1 C_5_239 30 20 0.9 0.1
1 C_5_239 30 20 0.9 0.1
1 C_5_239 30 20 0.9 0.1
1 C_5_239 30 20 0.9 0.1
1 C_5_239 30 20 0.9 0.1
1 C_5_239 30 20 0.9 0.1
1 C_5_239 30 20 0.9 0.1
1 C_5_239 30 20 0.9 0.1
1 C_5_240 30 20 0.9 0.1
1 C_5_240 30 20 0.9 0.1
1 C_5_240 30 20 0.9 0.1
1 C_5_240 30 20 0.9 0.1
1 C_5_240 30 20 0.9 0.1
1 C_5_240 30 20 0.9 0.1
1 C_5_240 30 20 0.9 0.1
1 C_5_240 30 20 0.9 0.1
1 C_5_240 30 20 0.9 0.1
1 C_5_240 30 20 0.9 0.1
1 C_5_241 30 20 0.9 0.1
1 C_5_241 30 20 0.9 0.1
1 C_5_241 30 20 0.9 0.1
1 C_5_241 30 20 0.9 0.1
1 C_5_241 30 20 0.9 0.1
1 C_5_241 30 20 0.9 0.1
1 C_5_241 30 20 0.9 0.1
1 C_5_241 30 20 0.9 0.1
1 C_5_241 30 20 0.9 0.1
1 C_5_241 30 20 0.9 0.1
1 C_5_242 30 20 0.9 0.1
1 C_5_242 30 20 0.9 0.1
1 C_5_242 30 20 0.9 0.1
1 C_5_242 30 20 0.9 0.1
1 C_5_242 30 20 0.9 0.1
1 C_5_242 30 20 0.9 0.1
1 C_5_242 30 20 0.9 0.1
1 C_5_242 30 20 0.9 0.1
1 C_5_242 30 20 0.9 0.1
1 C_5_242 30 20 0.9 0.1
1 C_5_243 30 20 0.9 0.1
1 C_5_243 30 20 0.9 0.1
1 C_5_243 30 20 0.9 0.1
1 C_5_243 30 20 0.9 0.1
1 C_5_243 30 20 0.9 0.1
1 C_5_243 30 20 0.9 0.1
1 C_5_243 30 20 0.9 0.1
1 C_5_243 30 20 0.9 0.1
1 C_5_243 30 20 0.9 0.1
1 C_5_243 30 20 0.9 0.1
1 C_5_244 30 20 0.9 0.1
1 C_5_244 30 20 0.9 0.1
1 C_5_244 30 20 0.9 0.1
1 C_5_244 30 20 0.9 0.1
1 C_5_244 30 20 0.9 0.1
1 C_5_244 30 20 0.9 0.1
1 C_5_244 30 20 0.9 0.1
1 C_5_244 30 20 0.9 0.1
1 C_5_244 30 20 0.9 0.1
1 C_5_244 30 20 0.9 0.1
1 C_5_245 30 20 0.9 0.1
1 C_5_245 30 20 0.9 0.1
1 C_5_245 30 20 0.9 0.1
1 C_5_245 30 20 0.9 0.1
1 C_5_245 30 20 0.9 0.1
1 C_5_245 30 20 0.9 0.1
1 C_5_245 30 20 0.9 0.1
1 C_5_245 30 20 0.9 0.1
1 C_5_245 30 20 0.9 0.1
1 C_5_245 30 20 0.9 0.1
1 C_5_246 30 20 0.9 0.1
1 C_5_246 30 20 0.9 0.1
1 C_5_246 30 20 0.9 0.1
1 C_5_246 30 20 0.9 0.1
1 C_5_246 30 20 0.9 0.1
1 C_5_246 30 20 0.9 0.1
1 C_5_246 30 20 0.9 0.1
1 C_5_246 30 20 0.9 0.1
1 C_5_246 30 20 0.9 0.1
1 C_5_246 30 20 0.9 0.1
1 C_5_247 30 20 0.9 0.1
1 C_5_247 30 20 0.9 0.1
1 C_5_247 30 20 0.9 0.1
1 C_5_247 30 20 0.9 0.1
1 C_5_247 30 20 0.9 0.1
1 C_5_247 30 20 0.9 0.1
1 C_5_247 30 20 0.9 0.1
1 C_5_247 30 20 0.9 0.1
1 C_5_247 30 20 0.9 0.1
1 C_5_247 30 20 0.9 0.1
1 C_5_248 30 20 0.9 0.1
1 C_5_248 30 20 0.9 0.1
1 C_5_248 30 20 0.9 0.1
1 C_5_248 30 20 0.9 0.1
1 C_5_248 30 20 0.9 0.1
1 C_5_248 30 20 0.9 0.1
1 C_5_248 30 20 0.9 0.1
1 C_5_248 30 20 0.9 0.1
1 C_5_248 30 20 0.9 0.1
1 C_5_248 30 20 0.9 0.1
1 C_5_249 30 20 0.9 0.1
1 C_5_249 30 20 0.9 0.1
1 C_5_249 30 20 0.9 0.1
1 C_5_249 30 20 0.9 0.1
1 C_5_249 30 20 0.9 0.1
1 C_5_249 30 20 0.9 0.1
1 C_5_249 30 20 0.9 0.1
1 C_5_249 30 20 0.9 0.1
1 C_5_249 30 20 0.9 0.1
1 C_5_249 30 20 0.9 0.1
1 C_5_250 30 20 0.9 0.1
1 C_5_250 30 20 0.9 0.1
1 C_5_250 30 20 0.9 0.1
1 C_5_250 30 20 0.9 0.1
1 C_5_250 30 20 0.9 0.1
1 C_5_250 30 20 0.9 0.1
1 C_5_250 30 20 0.9 0.1
1 C_5_250 30 20 0.9 0.1
1 C_5_250 30 20 0.9 0.1
1 C_5_250 30 20 0.9 0.1