1 C_5_211 30 20 0.9 0.1
1 C_5_211 30 20 0.9 0.1
1 C_5_211 30 20 0.9 0.1
1 C_5_211 30 20 0.9 0.1
1 C_5_211 30 20 0.9 0.1
1 C_5_211 30 20 0.9 0.1
1 C_5_211 30 20 0.9 0.1
1 C_5_211 30 20 0.9 0.1
1 C_5_211 30 20 0.9 0.1
1 C_5_211 30 20 0.9 0.1
1 C_5_212 30 20 0.9 0.1
1 C_5_212 30 20 0.9 0.1
1 C_5_212 30 20 0.9 0.1
1 C_5_212 30 20 0.9 0.1
1 C_5_212 30 20 0.9 0.1
1 C_5_212 30 20 0.9 0.1
1 C_5_212 30 20 0.9 0.1
1 C_5_212 30 20 0.9 0.1
1 C_5_212 30 20 0.9 0.1
1 C_5_212 30 20 0.9 0.1
1 C_5_213 30 20 0.9 0.1
1 C_5_213 30 20 0.9 0.1
1 C_5_213 30 20 0.9 0.1
1 C_5_213 30 20 0.9 0.1
1 C_5_213 30 20 0.9 0.1
1 C_5_213 30 20 0.9 0.1
1 C_5_213 30 20 0.9 0.1
1 C_5_213 30 20 0.9 0.1
1 C_5_213 30 20 0.9 0.1
1 C_5_213 30 20 0.9 0.1
1 C_5_214 30 20 0.9 0.1
1 C_5_214 30 20 0.9 0.1
1 C_5_214 30 20 0.9 0.1
1 C_5_214 30 20 0.9 0.1
1 C_5_214 30 20 0.9 0.1
1 C_5_214 30 20 0.9 0.1
1 C_5_214 30 20 0.9 0.1
1 C_5_214 30 20 0.9 0.1
1 C_5_214 30 20 0.9 0.1
1 C_5_214 30 20 0.9 0.1
1 C_5_215 30 20 0.9 0.1
1 C_5_215 30 20 0.9 0.1
1 C_5_215 30 20 0.9 0.1
1 C_5_215 30 20 0.9 0.1
1 C_5_215 30 20 0.9 0.1
1 C_5_215 30 20 0.9 0.1
1 C_5_215 30 20 0.9 0.1
1 C_5_215 30 20 0.9 0.1
1 C_5_215 30 20 0.9 0.1
1 C_5_215 30 20 0.9 0.1
1 C_5_216 30 20 0.9 0.1
1 C_5_216 30 20 0.9 0.1
1 C_5_216 30 20 0.9 0.1
1 C_5_216 30 20 0.9 0.1
1 C_5_216 30 20 0.9 0.1
1 C_5_216 30 20 0.9 0.1
1 C_5_216 30 20 0.9 0.1
1 C_5_216 30 20 0.9 0.1
1 C_5_216 30 20 0.9 0.1
1 C_5_216 30 20 0.9 0.1
1 C_5_217 30 20 0.9 0.1
1 C_5_217 30 20 0.9 0.1
1 C_5_217 30 20 0.9 0.1
1 C_5_217 30 20 0.9 0.1
1 C_5_217 30 20 0.9 0.1
1 C_5_217 30 20 0.9 0.1
1 C_5_217 30 20 0.9 0.1
1 C_5_217 30 20 0.9 0.1
1 C_5_217 30 20 0.9 0.1
1 C_5_217 30 20 0.9 0.1
1 C_5_218 30 20 0.9 0.1
1 C_5_218 30 20 0.9 0.1
1 C_5_218 30 20 0.9 0.1
1 C_5_218 30 20 0.9 0.1
1 C_5_218 30 20 0.9 0.1
1 C_5_218 30 20 0.9 0.1
1 C_5_218 30 20 0.9 0.1
1 C_5_218 30 20 0.9 0.1
1 C_5_218 30 20 0.9 0.1
1 C_5_218 30 20 0.9 0.1
1 C_5_219 30 20 0.9 0.1
1 C_5_219 30 20 0.9 0.1
1 C_5_219 30 20 0.9 0.1
1 C_5_219 30 20 0.9 0.1
1 C_5_219 30 20 0.9 0.1
1 C_5_219 30 20 0.9 0.1
1 C_5_219 30 20 0.9 0.1
1 C_5_219 30 20 0.9 0.1
1 C_5_219 30 20 0.9 0.1
1 C_5_219 30 20 0.9 0.1
1 C_5_220 30 20 0.9 0.1
1 C_5_220 30 20 0.9 0.1
1 C_5_220 30 20 0.9 0.1
1 C_5_220 30 20 0.9 0.1
1 C_5_220 30 20 0.9 0.1
1 C_5_220 30 20 0.9 0.1
1 C_5_220 30 20 0.9 0.1
1 C_5_220 30 20 0.9 0.1
1 C_5_220 30 20 0.9 0.1
1 C_5_220 30 20 0.9 0.1