1 SP/C_6_251 30 20 0.9 0.1
1 SP/C_6_251 30 20 0.9 0.1
1 SP/C_6_251 30 20 0.9 0.1
1 SP/C_6_251 30 20 0.9 0.1
1 SP/C_6_251 30 20 0.9 0.1
1 SP/C_6_251 30 20 0.9 0.1
1 SP/C_6_251 30 20 0.9 0.1
1 SP/C_6_251 30 20 0.9 0.1
1 SP/C_6_251 30 20 0.9 0.1
1 SP/C_6_251 30 20 0.9 0.1
1 SP/C_6_252 30 20 0.9 0.1
1 SP/C_6_252 30 20 0.9 0.1
1 SP/C_6_252 30 20 0.9 0.1
1 SP/C_6_252 30 20 0.9 0.1
1 SP/C_6_252 30 20 0.9 0.1
1 SP/C_6_252 30 20 0.9 0.1
1 SP/C_6_252 30 20 0.9 0.1
1 SP/C_6_252 30 20 0.9 0.1
1 SP/C_6_252 30 20 0.9 0.1
1 SP/C_6_252 30 20 0.9 0.1
1 SP/C_6_253 30 20 0.9 0.1
1 SP/C_6_253 30 20 0.9 0.1
1 SP/C_6_253 30 20 0.9 0.1
1 SP/C_6_253 30 20 0.9 0.1
1 SP/C_6_253 30 20 0.9 0.1
1 SP/C_6_253 30 20 0.9 0.1
1 SP/C_6_253 30 20 0.9 0.1
1 SP/C_6_253 30 20 0.9 0.1
1 SP/C_6_253 30 20 0.9 0.1
1 SP/C_6_253 30 20 0.9 0.1
1 SP/C_6_254 30 20 0.9 0.1
1 SP/C_6_254 30 20 0.9 0.1
1 SP/C_6_254 30 20 0.9 0.1
1 SP/C_6_254 30 20 0.9 0.1
1 SP/C_6_254 30 20 0.9 0.1
1 SP/C_6_254 30 20 0.9 0.1
1 SP/C_6_254 30 20 0.9 0.1
1 SP/C_6_254 30 20 0.9 0.1
1 SP/C_6_254 30 20 0.9 0.1
1 SP/C_6_254 30 20 0.9 0.1
1 SP/C_6_255 30 20 0.9 0.1
1 SP/C_6_255 30 20 0.9 0.1
1 SP/C_6_255 30 20 0.9 0.1
1 SP/C_6_255 30 20 0.9 0.1
1 SP/C_6_255 30 20 0.9 0.1
1 SP/C_6_255 30 20 0.9 0.1
1 SP/C_6_255 30 20 0.9 0.1
1 SP/C_6_255 30 20 0.9 0.1
1 SP/C_6_255 30 20 0.9 0.1
1 SP/C_6_255 30 20 0.9 0.1
1 SP/C_6_256 30 20 0.9 0.1
1 SP/C_6_256 30 20 0.9 0.1
1 SP/C_6_256 30 20 0.9 0.1
1 SP/C_6_256 30 20 0.9 0.1
1 SP/C_6_256 30 20 0.9 0.1
1 SP/C_6_256 30 20 0.9 0.1
1 SP/C_6_256 30 20 0.9 0.1
1 SP/C_6_256 30 20 0.9 0.1
1 SP/C_6_256 30 20 0.9 0.1
1 SP/C_6_256 30 20 0.9 0.1
1 SP/C_6_257 30 20 0.9 0.1
1 SP/C_6_257 30 20 0.9 0.1
1 SP/C_6_257 30 20 0.9 0.1
1 SP/C_6_257 30 20 0.9 0.1
1 SP/C_6_257 30 20 0.9 0.1
1 SP/C_6_257 30 20 0.9 0.1
1 SP/C_6_257 30 20 0.9 0.1
1 SP/C_6_257 30 20 0.9 0.1
1 SP/C_6_257 30 20 0.9 0.1
1 SP/C_6_257 30 20 0.9 0.1
1 SP/C_6_258 30 20 0.9 0.1
1 SP/C_6_258 30 20 0.9 0.1
1 SP/C_6_258 30 20 0.9 0.1
1 SP/C_6_258 30 20 0.9 0.1
1 SP/C_6_258 30 20 0.9 0.1
1 SP/C_6_258 30 20 0.9 0.1
1 SP/C_6_258 30 20 0.9 0.1
1 SP/C_6_258 30 20 0.9 0.1
1 SP/C_6_258 30 20 0.9 0.1
1 SP/C_6_258 30 20 0.9 0.1
1 SP/C_6_259 30 20 0.9 0.1
1 SP/C_6_259 30 20 0.9 0.1
1 SP/C_6_259 30 20 0.9 0.1
1 SP/C_6_259 30 20 0.9 0.1
1 SP/C_6_259 30 20 0.9 0.1
1 SP/C_6_259 30 20 0.9 0.1
1 SP/C_6_259 30 20 0.9 0.1
1 SP/C_6_259 30 20 0.9 0.1
1 SP/C_6_259 30 20 0.9 0.1
1 SP/C_6_259 30 20 0.9 0.1
1 SP/C_6_260 30 20 0.9 0.1
1 SP/C_6_260 30 20 0.9 0.1
1 SP/C_6_260 30 20 0.9 0.1
1 SP/C_6_260 30 20 0.9 0.1
1 SP/C_6_260 30 20 0.9 0.1
1 SP/C_6_260 30 20 0.9 0.1
1 SP/C_6_260 30 20 0.9 0.1
1 SP/C_6_260 30 20 0.9 0.1
1 SP/C_6_260 30 20 0.9 0.1
1 SP/C_6_260 30 20 0.9 0.1
1 SP/C_6_261 30 20 0.9 0.1
1 SP/C_6_261 30 20 0.9 0.1
1 SP/C_6_261 30 20 0.9 0.1
1 SP/C_6_261 30 20 0.9 0.1
1 SP/C_6_261 30 20 0.9 0.1
1 SP/C_6_261 30 20 0.9 0.1
1 SP/C_6_261 30 20 0.9 0.1
1 SP/C_6_261 30 20 0.9 0.1
1 SP/C_6_261 30 20 0.9 0.1
1 SP/C_6_261 30 20 0.9 0.1
1 SP/C_6_262 30 20 0.9 0.1
1 SP/C_6_262 30 20 0.9 0.1
1 SP/C_6_262 30 20 0.9 0.1
1 SP/C_6_262 30 20 0.9 0.1
1 SP/C_6_262 30 20 0.9 0.1
1 SP/C_6_262 30 20 0.9 0.1
1 SP/C_6_262 30 20 0.9 0.1
1 SP/C_6_262 30 20 0.9 0.1
1 SP/C_6_262 30 20 0.9 0.1
1 SP/C_6_262 30 20 0.9 0.1
1 SP/C_6_263 30 20 0.9 0.1
1 SP/C_6_263 30 20 0.9 0.1
1 SP/C_6_263 30 20 0.9 0.1
1 SP/C_6_263 30 20 0.9 0.1
1 SP/C_6_263 30 20 0.9 0.1
1 SP/C_6_263 30 20 0.9 0.1
1 SP/C_6_263 30 20 0.9 0.1
1 SP/C_6_263 30 20 0.9 0.1
1 SP/C_6_263 30 20 0.9 0.1
1 SP/C_6_263 30 20 0.9 0.1
1 SP/C_6_264 30 20 0.9 0.1
1 SP/C_6_264 30 20 0.9 0.1
1 SP/C_6_264 30 20 0.9 0.1
1 SP/C_6_264 30 20 0.9 0.1
1 SP/C_6_264 30 20 0.9 0.1
1 SP/C_6_264 30 20 0.9 0.1
1 SP/C_6_264 30 20 0.9 0.1
1 SP/C_6_264 30 20 0.9 0.1
1 SP/C_6_264 30 20 0.9 0.1
1 SP/C_6_264 30 20 0.9 0.1
1 SP/C_6_265 30 20 0.9 0.1
1 SP/C_6_265 30 20 0.9 0.1
1 SP/C_6_265 30 20 0.9 0.1
1 SP/C_6_265 30 20 0.9 0.1
1 SP/C_6_265 30 20 0.9 0.1
1 SP/C_6_265 30 20 0.9 0.1
1 SP/C_6_265 30 20 0.9 0.1
1 SP/C_6_265 30 20 0.9 0.1
1 SP/C_6_265 30 20 0.9 0.1
1 SP/C_6_265 30 20 0.9 0.1
1 SP/C_6_266 30 20 0.9 0.1
1 SP/C_6_266 30 20 0.9 0.1
1 SP/C_6_266 30 20 0.9 0.1
1 SP/C_6_266 30 20 0.9 0.1
1 SP/C_6_266 30 20 0.9 0.1
1 SP/C_6_266 30 20 0.9 0.1
1 SP/C_6_266 30 20 0.9 0.1
1 SP/C_6_266 30 20 0.9 0.1
1 SP/C_6_266 30 20 0.9 0.1
1 SP/C_6_266 30 20 0.9 0.1
1 SP/C_6_267 30 20 0.9 0.1
1 SP/C_6_267 30 20 0.9 0.1
1 SP/C_6_267 30 20 0.9 0.1
1 SP/C_6_267 30 20 0.9 0.1
1 SP/C_6_267 30 20 0.9 0.1
1 SP/C_6_267 30 20 0.9 0.1
1 SP/C_6_267 30 20 0.9 0.1
1 SP/C_6_267 30 20 0.9 0.1
1 SP/C_6_267 30 20 0.9 0.1
1 SP/C_6_267 30 20 0.9 0.1
1 SP/C_6_268 30 20 0.9 0.1
1 SP/C_6_268 30 20 0.9 0.1
1 SP/C_6_268 30 20 0.9 0.1
1 SP/C_6_268 30 20 0.9 0.1
1 SP/C_6_268 30 20 0.9 0.1
1 SP/C_6_268 30 20 0.9 0.1
1 SP/C_6_268 30 20 0.9 0.1
1 SP/C_6_268 30 20 0.9 0.1
1 SP/C_6_268 30 20 0.9 0.1
1 SP/C_6_268 30 20 0.9 0.1
1 SP/C_6_269 30 20 0.9 0.1
1 SP/C_6_269 30 20 0.9 0.1
1 SP/C_6_269 30 20 0.9 0.1
1 SP/C_6_269 30 20 0.9 0.1
1 SP/C_6_269 30 20 0.9 0.1
1 SP/C_6_269 30 20 0.9 0.1
1 SP/C_6_269 30 20 0.9 0.1
1 SP/C_6_269 30 20 0.9 0.1
1 SP/C_6_269 30 20 0.9 0.1
1 SP/C_6_269 30 20 0.9 0.1
1 SP/C_6_270 30 20 0.9 0.1
1 SP/C_6_270 30 20 0.9 0.1
1 SP/C_6_270 30 20 0.9 0.1
1 SP/C_6_270 30 20 0.9 0.1
1 SP/C_6_270 30 20 0.9 0.1
1 SP/C_6_270 30 20 0.9 0.1
1 SP/C_6_270 30 20 0.9 0.1
1 SP/C_6_270 30 20 0.9 0.1
1 SP/C_6_270 30 20 0.9 0.1
1 SP/C_6_270 30 20 0.9 0.1
1 SP/C_6_271 30 20 0.9 0.1
1 SP/C_6_271 30 20 0.9 0.1
1 SP/C_6_271 30 20 0.9 0.1
1 SP/C_6_271 30 20 0.9 0.1
1 SP/C_6_271 30 20 0.9 0.1
1 SP/C_6_271 30 20 0.9 0.1
1 SP/C_6_271 30 20 0.9 0.1
1 SP/C_6_271 30 20 0.9 0.1
1 SP/C_6_271 30 20 0.9 0.1
1 SP/C_6_271 30 20 0.9 0.1
1 SP/C_6_272 30 20 0.9 0.1
1 SP/C_6_272 30 20 0.9 0.1
1 SP/C_6_272 30 20 0.9 0.1
1 SP/C_6_272 30 20 0.9 0.1
1 SP/C_6_272 30 20 0.9 0.1
1 SP/C_6_272 30 20 0.9 0.1
1 SP/C_6_272 30 20 0.9 0.1
1 SP/C_6_272 30 20 0.9 0.1
1 SP/C_6_272 30 20 0.9 0.1
1 SP/C_6_272 30 20 0.9 0.1
1 SP/C_6_273 30 20 0.9 0.1
1 SP/C_6_273 30 20 0.9 0.1
1 SP/C_6_273 30 20 0.9 0.1
1 SP/C_6_273 30 20 0.9 0.1
1 SP/C_6_273 30 20 0.9 0.1
1 SP/C_6_273 30 20 0.9 0.1
1 SP/C_6_273 30 20 0.9 0.1
1 SP/C_6_273 30 20 0.9 0.1
1 SP/C_6_273 30 20 0.9 0.1
1 SP/C_6_273 30 20 0.9 0.1
1 SP/C_6_274 30 20 0.9 0.1
1 SP/C_6_274 30 20 0.9 0.1
1 SP/C_6_274 30 20 0.9 0.1
1 SP/C_6_274 30 20 0.9 0.1
1 SP/C_6_274 30 20 0.9 0.1
1 SP/C_6_274 30 20 0.9 0.1
1 SP/C_6_274 30 20 0.9 0.1
1 SP/C_6_274 30 20 0.9 0.1
1 SP/C_6_274 30 20 0.9 0.1
1 SP/C_6_274 30 20 0.9 0.1
1 SP/C_6_275 30 20 0.9 0.1
1 SP/C_6_275 30 20 0.9 0.1
1 SP/C_6_275 30 20 0.9 0.1
1 SP/C_6_275 30 20 0.9 0.1
1 SP/C_6_275 30 20 0.9 0.1
1 SP/C_6_275 30 20 0.9 0.1
1 SP/C_6_275 30 20 0.9 0.1
1 SP/C_6_275 30 20 0.9 0.1
1 SP/C_6_275 30 20 0.9 0.1
1 SP/C_6_275 30 20 0.9 0.1
1 SP/C_6_276 30 20 0.9 0.1
1 SP/C_6_276 30 20 0.9 0.1
1 SP/C_6_276 30 20 0.9 0.1
1 SP/C_6_276 30 20 0.9 0.1
1 SP/C_6_276 30 20 0.9 0.1
1 SP/C_6_276 30 20 0.9 0.1
1 SP/C_6_276 30 20 0.9 0.1
1 SP/C_6_276 30 20 0.9 0.1
1 SP/C_6_276 30 20 0.9 0.1
1 SP/C_6_276 30 20 0.9 0.1
1 SP/C_6_277 30 20 0.9 0.1
1 SP/C_6_277 30 20 0.9 0.1
1 SP/C_6_277 30 20 0.9 0.1
1 SP/C_6_277 30 20 0.9 0.1
1 SP/C_6_277 30 20 0.9 0.1
1 SP/C_6_277 30 20 0.9 0.1
1 SP/C_6_277 30 20 0.9 0.1
1 SP/C_6_277 30 20 0.9 0.1
1 SP/C_6_277 30 20 0.9 0.1
1 SP/C_6_277 30 20 0.9 0.1
1 SP/C_6_278 30 20 0.9 0.1
1 SP/C_6_278 30 20 0.9 0.1
1 SP/C_6_278 30 20 0.9 0.1
1 SP/C_6_278 30 20 0.9 0.1
1 SP/C_6_278 30 20 0.9 0.1
1 SP/C_6_278 30 20 0.9 0.1
1 SP/C_6_278 30 20 0.9 0.1
1 SP/C_6_278 30 20 0.9 0.1
1 SP/C_6_278 30 20 0.9 0.1
1 SP/C_6_278 30 20 0.9 0.1
1 SP/C_6_279 30 20 0.9 0.1
1 SP/C_6_279 30 20 0.9 0.1
1 SP/C_6_279 30 20 0.9 0.1
1 SP/C_6_279 30 20 0.9 0.1
1 SP/C_6_279 30 20 0.9 0.1
1 SP/C_6_279 30 20 0.9 0.1
1 SP/C_6_279 30 20 0.9 0.1
1 SP/C_6_279 30 20 0.9 0.1
1 SP/C_6_279 30 20 0.9 0.1
1 SP/C_6_279 30 20 0.9 0.1
1 SP/C_6_280 30 20 0.9 0.1
1 SP/C_6_280 30 20 0.9 0.1
1 SP/C_6_280 30 20 0.9 0.1
1 SP/C_6_280 30 20 0.9 0.1
1 SP/C_6_280 30 20 0.9 0.1
1 SP/C_6_280 30 20 0.9 0.1
1 SP/C_6_280 30 20 0.9 0.1
1 SP/C_6_280 30 20 0.9 0.1
1 SP/C_6_280 30 20 0.9 0.1
1 SP/C_6_280 30 20 0.9 0.1
1 SP/C_6_281 30 20 0.9 0.1
1 SP/C_6_281 30 20 0.9 0.1
1 SP/C_6_281 30 20 0.9 0.1
1 SP/C_6_281 30 20 0.9 0.1
1 SP/C_6_281 30 20 0.9 0.1
1 SP/C_6_281 30 20 0.9 0.1
1 SP/C_6_281 30 20 0.9 0.1
1 SP/C_6_281 30 20 0.9 0.1
1 SP/C_6_281 30 20 0.9 0.1
1 SP/C_6_281 30 20 0.9 0.1
1 SP/C_6_282 30 20 0.9 0.1
1 SP/C_6_282 30 20 0.9 0.1
1 SP/C_6_282 30 20 0.9 0.1
1 SP/C_6_282 30 20 0.9 0.1
1 SP/C_6_282 30 20 0.9 0.1
1 SP/C_6_282 30 20 0.9 0.1
1 SP/C_6_282 30 20 0.9 0.1
1 SP/C_6_282 30 20 0.9 0.1
1 SP/C_6_282 30 20 0.9 0.1
1 SP/C_6_282 30 20 0.9 0.1
1 SP/C_6_283 30 20 0.9 0.1
1 SP/C_6_283 30 20 0.9 0.1
1 SP/C_6_283 30 20 0.9 0.1
1 SP/C_6_283 30 20 0.9 0.1
1 SP/C_6_283 30 20 0.9 0.1
1 SP/C_6_283 30 20 0.9 0.1
1 SP/C_6_283 30 20 0.9 0.1
1 SP/C_6_283 30 20 0.9 0.1
1 SP/C_6_283 30 20 0.9 0.1
1 SP/C_6_283 30 20 0.9 0.1
1 SP/C_6_284 30 20 0.9 0.1
1 SP/C_6_284 30 20 0.9 0.1
1 SP/C_6_284 30 20 0.9 0.1
1 SP/C_6_284 30 20 0.9 0.1
1 SP/C_6_284 30 20 0.9 0.1
1 SP/C_6_284 30 20 0.9 0.1
1 SP/C_6_284 30 20 0.9 0.1
1 SP/C_6_284 30 20 0.9 0.1
1 SP/C_6_284 30 20 0.9 0.1
1 SP/C_6_284 30 20 0.9 0.1
1 SP/C_6_285 30 20 0.9 0.1
1 SP/C_6_285 30 20 0.9 0.1
1 SP/C_6_285 30 20 0.9 0.1
1 SP/C_6_285 30 20 0.9 0.1
1 SP/C_6_285 30 20 0.9 0.1
1 SP/C_6_285 30 20 0.9 0.1
1 SP/C_6_285 30 20 0.9 0.1
1 SP/C_6_285 30 20 0.9 0.1
1 SP/C_6_285 30 20 0.9 0.1
1 SP/C_6_285 30 20 0.9 0.1
1 SP/C_6_286 30 20 0.9 0.1
1 SP/C_6_286 30 20 0.9 0.1
1 SP/C_6_286 30 20 0.9 0.1
1 SP/C_6_286 30 20 0.9 0.1
1 SP/C_6_286 30 20 0.9 0.1
1 SP/C_6_286 30 20 0.9 0.1
1 SP/C_6_286 30 20 0.9 0.1
1 SP/C_6_286 30 20 0.9 0.1
1 SP/C_6_286 30 20 0.9 0.1
1 SP/C_6_286 30 20 0.9 0.1
1 SP/C_6_287 30 20 0.9 0.1
1 SP/C_6_287 30 20 0.9 0.1
1 SP/C_6_287 30 20 0.9 0.1
1 SP/C_6_287 30 20 0.9 0.1
1 SP/C_6_287 30 20 0.9 0.1
1 SP/C_6_287 30 20 0.9 0.1
1 SP/C_6_287 30 20 0.9 0.1
1 SP/C_6_287 30 20 0.9 0.1
1 SP/C_6_287 30 20 0.9 0.1
1 SP/C_6_287 30 20 0.9 0.1
1 SP/C_6_288 30 20 0.9 0.1
1 SP/C_6_288 30 20 0.9 0.1
1 SP/C_6_288 30 20 0.9 0.1
1 SP/C_6_288 30 20 0.9 0.1
1 SP/C_6_288 30 20 0.9 0.1
1 SP/C_6_288 30 20 0.9 0.1
1 SP/C_6_288 30 20 0.9 0.1
1 SP/C_6_288 30 20 0.9 0.1
1 SP/C_6_288 30 20 0.9 0.1
1 SP/C_6_288 30 20 0.9 0.1
1 SP/C_6_289 30 20 0.9 0.1
1 SP/C_6_289 30 20 0.9 0.1
1 SP/C_6_289 30 20 0.9 0.1
1 SP/C_6_289 30 20 0.9 0.1
1 SP/C_6_289 30 20 0.9 0.1
1 SP/C_6_289 30 20 0.9 0.1
1 SP/C_6_289 30 20 0.9 0.1
1 SP/C_6_289 30 20 0.9 0.1
1 SP/C_6_289 30 20 0.9 0.1
1 SP/C_6_289 30 20 0.9 0.1
1 SP/C_6_290 30 20 0.9 0.1
1 SP/C_6_290 30 20 0.9 0.1
1 SP/C_6_290 30 20 0.9 0.1
1 SP/C_6_290 30 20 0.9 0.1
1 SP/C_6_290 30 20 0.9 0.1
1 SP/C_6_290 30 20 0.9 0.1
1 SP/C_6_290 30 20 0.9 0.1
1 SP/C_6_290 30 20 0.9 0.1
1 SP/C_6_290 30 20 0.9 0.1
1 SP/C_6_290 30 20 0.9 0.1
1 SP/C_6_291 30 20 0.9 0.1
1 SP/C_6_291 30 20 0.9 0.1
1 SP/C_6_291 30 20 0.9 0.1
1 SP/C_6_291 30 20 0.9 0.1
1 SP/C_6_291 30 20 0.9 0.1
1 SP/C_6_291 30 20 0.9 0.1
1 SP/C_6_291 30 20 0.9 0.1
1 SP/C_6_291 30 20 0.9 0.1
1 SP/C_6_291 30 20 0.9 0.1
1 SP/C_6_291 30 20 0.9 0.1
1 SP/C_6_292 30 20 0.9 0.1
1 SP/C_6_292 30 20 0.9 0.1
1 SP/C_6_292 30 20 0.9 0.1
1 SP/C_6_292 30 20 0.9 0.1
1 SP/C_6_292 30 20 0.9 0.1
1 SP/C_6_292 30 20 0.9 0.1
1 SP/C_6_292 30 20 0.9 0.1
1 SP/C_6_292 30 20 0.9 0.1
1 SP/C_6_292 30 20 0.9 0.1
1 SP/C_6_292 30 20 0.9 0.1
1 SP/C_6_293 30 20 0.9 0.1
1 SP/C_6_293 30 20 0.9 0.1
1 SP/C_6_293 30 20 0.9 0.1
1 SP/C_6_293 30 20 0.9 0.1
1 SP/C_6_293 30 20 0.9 0.1
1 SP/C_6_293 30 20 0.9 0.1
1 SP/C_6_293 30 20 0.9 0.1
1 SP/C_6_293 30 20 0.9 0.1
1 SP/C_6_293 30 20 0.9 0.1
1 SP/C_6_293 30 20 0.9 0.1
1 SP/C_6_294 30 20 0.9 0.1
1 SP/C_6_294 30 20 0.9 0.1
1 SP/C_6_294 30 20 0.9 0.1
1 SP/C_6_294 30 20 0.9 0.1
1 SP/C_6_294 30 20 0.9 0.1
1 SP/C_6_294 30 20 0.9 0.1
1 SP/C_6_294 30 20 0.9 0.1
1 SP/C_6_294 30 20 0.9 0.1
1 SP/C_6_294 30 20 0.9 0.1
1 SP/C_6_294 30 20 0.9 0.1
1 SP/C_6_295 30 20 0.9 0.1
1 SP/C_6_295 30 20 0.9 0.1
1 SP/C_6_295 30 20 0.9 0.1
1 SP/C_6_295 30 20 0.9 0.1
1 SP/C_6_295 30 20 0.9 0.1
1 SP/C_6_295 30 20 0.9 0.1
1 SP/C_6_295 30 20 0.9 0.1
1 SP/C_6_295 30 20 0.9 0.1
1 SP/C_6_295 30 20 0.9 0.1
1 SP/C_6_295 30 20 0.9 0.1
1 SP/C_6_296 30 20 0.9 0.1
1 SP/C_6_296 30 20 0.9 0.1
1 SP/C_6_296 30 20 0.9 0.1
1 SP/C_6_296 30 20 0.9 0.1
1 SP/C_6_296 30 20 0.9 0.1
1 SP/C_6_296 30 20 0.9 0.1
1 SP/C_6_296 30 20 0.9 0.1
1 SP/C_6_296 30 20 0.9 0.1
1 SP/C_6_296 30 20 0.9 0.1
1 SP/C_6_296 30 20 0.9 0.1
1 SP/C_6_297 30 20 0.9 0.1
1 SP/C_6_297 30 20 0.9 0.1
1 SP/C_6_297 30 20 0.9 0.1
1 SP/C_6_297 30 20 0.9 0.1
1 SP/C_6_297 30 20 0.9 0.1
1 SP/C_6_297 30 20 0.9 0.1
1 SP/C_6_297 30 20 0.9 0.1
1 SP/C_6_297 30 20 0.9 0.1
1 SP/C_6_297 30 20 0.9 0.1
1 SP/C_6_297 30 20 0.9 0.1
1 SP/C_6_298 30 20 0.9 0.1
1 SP/C_6_298 30 20 0.9 0.1
1 SP/C_6_298 30 20 0.9 0.1
1 SP/C_6_298 30 20 0.9 0.1
1 SP/C_6_298 30 20 0.9 0.1
1 SP/C_6_298 30 20 0.9 0.1
1 SP/C_6_298 30 20 0.9 0.1
1 SP/C_6_298 30 20 0.9 0.1
1 SP/C_6_298 30 20 0.9 0.1
1 SP/C_6_298 30 20 0.9 0.1
1 SP/C_6_299 30 20 0.9 0.1
1 SP/C_6_299 30 20 0.9 0.1
1 SP/C_6_299 30 20 0.9 0.1
1 SP/C_6_299 30 20 0.9 0.1
1 SP/C_6_299 30 20 0.9 0.1
1 SP/C_6_299 30 20 0.9 0.1
1 SP/C_6_299 30 20 0.9 0.1
1 SP/C_6_299 30 20 0.9 0.1
1 SP/C_6_299 30 20 0.9 0.1
1 SP/C_6_299 30 20 0.9 0.1
1 SP/C_6_300 30 20 0.9 0.1
1 SP/C_6_300 30 20 0.9 0.1
1 SP/C_6_300 30 20 0.9 0.1
1 SP/C_6_300 30 20 0.9 0.1
1 SP/C_6_300 30 20 0.9 0.1
1 SP/C_6_300 30 20 0.9 0.1
1 SP/C_6_300 30 20 0.9 0.1
1 SP/C_6_300 30 20 0.9 0.1
1 SP/C_6_300 30 20 0.9 0.1
1 SP/C_6_300 30 20 0.9 0.1