1 C_6_276 30 20 0.9 0.1
1 C_6_276 30 20 0.9 0.1
1 C_6_276 30 20 0.9 0.1
1 C_6_276 30 20 0.9 0.1
1 C_6_276 30 20 0.9 0.1
1 C_6_276 30 20 0.9 0.1
1 C_6_276 30 20 0.9 0.1
1 C_6_276 30 20 0.9 0.1
1 C_6_276 30 20 0.9 0.1
1 C_6_276 30 20 0.9 0.1
1 C_6_277 30 20 0.9 0.1
1 C_6_277 30 20 0.9 0.1
1 C_6_277 30 20 0.9 0.1
1 C_6_277 30 20 0.9 0.1
1 C_6_277 30 20 0.9 0.1
1 C_6_277 30 20 0.9 0.1
1 C_6_277 30 20 0.9 0.1
1 C_6_277 30 20 0.9 0.1
1 C_6_277 30 20 0.9 0.1
1 C_6_277 30 20 0.9 0.1
1 C_6_278 30 20 0.9 0.1
1 C_6_278 30 20 0.9 0.1
1 C_6_278 30 20 0.9 0.1
1 C_6_278 30 20 0.9 0.1
1 C_6_278 30 20 0.9 0.1
1 C_6_278 30 20 0.9 0.1
1 C_6_278 30 20 0.9 0.1
1 C_6_278 30 20 0.9 0.1
1 C_6_278 30 20 0.9 0.1
1 C_6_278 30 20 0.9 0.1
1 C_6_279 30 20 0.9 0.1
1 C_6_279 30 20 0.9 0.1
1 C_6_279 30 20 0.9 0.1
1 C_6_279 30 20 0.9 0.1
1 C_6_279 30 20 0.9 0.1
1 C_6_279 30 20 0.9 0.1
1 C_6_279 30 20 0.9 0.1
1 C_6_279 30 20 0.9 0.1
1 C_6_279 30 20 0.9 0.1
1 C_6_279 30 20 0.9 0.1
1 C_6_280 30 20 0.9 0.1
1 C_6_280 30 20 0.9 0.1
1 C_6_280 30 20 0.9 0.1
1 C_6_280 30 20 0.9 0.1
1 C_6_280 30 20 0.9 0.1
1 C_6_280 30 20 0.9 0.1
1 C_6_280 30 20 0.9 0.1
1 C_6_280 30 20 0.9 0.1
1 C_6_280 30 20 0.9 0.1
1 C_6_280 30 20 0.9 0.1
1 C_6_281 30 20 0.9 0.1
1 C_6_281 30 20 0.9 0.1
1 C_6_281 30 20 0.9 0.1
1 C_6_281 30 20 0.9 0.1
1 C_6_281 30 20 0.9 0.1
1 C_6_281 30 20 0.9 0.1
1 C_6_281 30 20 0.9 0.1
1 C_6_281 30 20 0.9 0.1
1 C_6_281 30 20 0.9 0.1
1 C_6_281 30 20 0.9 0.1
1 C_6_282 30 20 0.9 0.1
1 C_6_282 30 20 0.9 0.1
1 C_6_282 30 20 0.9 0.1
1 C_6_282 30 20 0.9 0.1
1 C_6_282 30 20 0.9 0.1
1 C_6_282 30 20 0.9 0.1
1 C_6_282 30 20 0.9 0.1
1 C_6_282 30 20 0.9 0.1
1 C_6_282 30 20 0.9 0.1
1 C_6_282 30 20 0.9 0.1
1 C_6_283 30 20 0.9 0.1
1 C_6_283 30 20 0.9 0.1
1 C_6_283 30 20 0.9 0.1
1 C_6_283 30 20 0.9 0.1
1 C_6_283 30 20 0.9 0.1
1 C_6_283 30 20 0.9 0.1
1 C_6_283 30 20 0.9 0.1
1 C_6_283 30 20 0.9 0.1
1 C_6_283 30 20 0.9 0.1
1 C_6_283 30 20 0.9 0.1
1 C_6_284 30 20 0.9 0.1
1 C_6_284 30 20 0.9 0.1
1 C_6_284 30 20 0.9 0.1
1 C_6_284 30 20 0.9 0.1
1 C_6_284 30 20 0.9 0.1
1 C_6_284 30 20 0.9 0.1
1 C_6_284 30 20 0.9 0.1
1 C_6_284 30 20 0.9 0.1
1 C_6_284 30 20 0.9 0.1
1 C_6_284 30 20 0.9 0.1
1 C_6_285 30 20 0.9 0.1
1 C_6_285 30 20 0.9 0.1
1 C_6_285 30 20 0.9 0.1
1 C_6_285 30 20 0.9 0.1
1 C_6_285 30 20 0.9 0.1
1 C_6_285 30 20 0.9 0.1
1 C_6_285 30 20 0.9 0.1
1 C_6_285 30 20 0.9 0.1
1 C_6_285 30 20 0.9 0.1
1 C_6_285 30 20 0.9 0.1
1 C_6_286 30 20 0.9 0.1
1 C_6_286 30 20 0.9 0.1
1 C_6_286 30 20 0.9 0.1
1 C_6_286 30 20 0.9 0.1
1 C_6_286 30 20 0.9 0.1
1 C_6_286 30 20 0.9 0.1
1 C_6_286 30 20 0.9 0.1
1 C_6_286 30 20 0.9 0.1
1 C_6_286 30 20 0.9 0.1
1 C_6_286 30 20 0.9 0.1
1 C_6_287 30 20 0.9 0.1
1 C_6_287 30 20 0.9 0.1
1 C_6_287 30 20 0.9 0.1
1 C_6_287 30 20 0.9 0.1
1 C_6_287 30 20 0.9 0.1
1 C_6_287 30 20 0.9 0.1
1 C_6_287 30 20 0.9 0.1
1 C_6_287 30 20 0.9 0.1
1 C_6_287 30 20 0.9 0.1
1 C_6_287 30 20 0.9 0.1
1 C_6_288 30 20 0.9 0.1
1 C_6_288 30 20 0.9 0.1
1 C_6_288 30 20 0.9 0.1
1 C_6_288 30 20 0.9 0.1
1 C_6_288 30 20 0.9 0.1
1 C_6_288 30 20 0.9 0.1
1 C_6_288 30 20 0.9 0.1
1 C_6_288 30 20 0.9 0.1
1 C_6_288 30 20 0.9 0.1
1 C_6_288 30 20 0.9 0.1
1 C_6_289 30 20 0.9 0.1
1 C_6_289 30 20 0.9 0.1
1 C_6_289 30 20 0.9 0.1
1 C_6_289 30 20 0.9 0.1
1 C_6_289 30 20 0.9 0.1
1 C_6_289 30 20 0.9 0.1
1 C_6_289 30 20 0.9 0.1
1 C_6_289 30 20 0.9 0.1
1 C_6_289 30 20 0.9 0.1
1 C_6_289 30 20 0.9 0.1
1 C_6_290 30 20 0.9 0.1
1 C_6_290 30 20 0.9 0.1
1 C_6_290 30 20 0.9 0.1
1 C_6_290 30 20 0.9 0.1
1 C_6_290 30 20 0.9 0.1
1 C_6_290 30 20 0.9 0.1
1 C_6_290 30 20 0.9 0.1
1 C_6_290 30 20 0.9 0.1
1 C_6_290 30 20 0.9 0.1
1 C_6_290 30 20 0.9 0.1
1 C_6_291 30 20 0.9 0.1
1 C_6_291 30 20 0.9 0.1
1 C_6_291 30 20 0.9 0.1
1 C_6_291 30 20 0.9 0.1
1 C_6_291 30 20 0.9 0.1
1 C_6_291 30 20 0.9 0.1
1 C_6_291 30 20 0.9 0.1
1 C_6_291 30 20 0.9 0.1
1 C_6_291 30 20 0.9 0.1
1 C_6_291 30 20 0.9 0.1
1 C_6_292 30 20 0.9 0.1
1 C_6_292 30 20 0.9 0.1
1 C_6_292 30 20 0.9 0.1
1 C_6_292 30 20 0.9 0.1
1 C_6_292 30 20 0.9 0.1
1 C_6_292 30 20 0.9 0.1
1 C_6_292 30 20 0.9 0.1
1 C_6_292 30 20 0.9 0.1
1 C_6_292 30 20 0.9 0.1
1 C_6_292 30 20 0.9 0.1
1 C_6_293 30 20 0.9 0.1
1 C_6_293 30 20 0.9 0.1
1 C_6_293 30 20 0.9 0.1
1 C_6_293 30 20 0.9 0.1
1 C_6_293 30 20 0.9 0.1
1 C_6_293 30 20 0.9 0.1
1 C_6_293 30 20 0.9 0.1
1 C_6_293 30 20 0.9 0.1
1 C_6_293 30 20 0.9 0.1
1 C_6_293 30 20 0.9 0.1
1 C_6_294 30 20 0.9 0.1
1 C_6_294 30 20 0.9 0.1
1 C_6_294 30 20 0.9 0.1
1 C_6_294 30 20 0.9 0.1
1 C_6_294 30 20 0.9 0.1
1 C_6_294 30 20 0.9 0.1
1 C_6_294 30 20 0.9 0.1
1 C_6_294 30 20 0.9 0.1
1 C_6_294 30 20 0.9 0.1
1 C_6_294 30 20 0.9 0.1
1 C_6_295 30 20 0.9 0.1
1 C_6_295 30 20 0.9 0.1
1 C_6_295 30 20 0.9 0.1
1 C_6_295 30 20 0.9 0.1
1 C_6_295 30 20 0.9 0.1
1 C_6_295 30 20 0.9 0.1
1 C_6_295 30 20 0.9 0.1
1 C_6_295 30 20 0.9 0.1
1 C_6_295 30 20 0.9 0.1
1 C_6_295 30 20 0.9 0.1
1 C_6_296 30 20 0.9 0.1
1 C_6_296 30 20 0.9 0.1
1 C_6_296 30 20 0.9 0.1
1 C_6_296 30 20 0.9 0.1
1 C_6_296 30 20 0.9 0.1
1 C_6_296 30 20 0.9 0.1
1 C_6_296 30 20 0.9 0.1
1 C_6_296 30 20 0.9 0.1
1 C_6_296 30 20 0.9 0.1
1 C_6_296 30 20 0.9 0.1
1 C_6_297 30 20 0.9 0.1
1 C_6_297 30 20 0.9 0.1
1 C_6_297 30 20 0.9 0.1
1 C_6_297 30 20 0.9 0.1
1 C_6_297 30 20 0.9 0.1
1 C_6_297 30 20 0.9 0.1
1 C_6_297 30 20 0.9 0.1
1 C_6_297 30 20 0.9 0.1
1 C_6_297 30 20 0.9 0.1
1 C_6_297 30 20 0.9 0.1
1 C_6_298 30 20 0.9 0.1
1 C_6_298 30 20 0.9 0.1
1 C_6_298 30 20 0.9 0.1
1 C_6_298 30 20 0.9 0.1
1 C_6_298 30 20 0.9 0.1
1 C_6_298 30 20 0.9 0.1
1 C_6_298 30 20 0.9 0.1
1 C_6_298 30 20 0.9 0.1
1 C_6_298 30 20 0.9 0.1
1 C_6_298 30 20 0.9 0.1
1 C_6_299 30 20 0.9 0.1
1 C_6_299 30 20 0.9 0.1
1 C_6_299 30 20 0.9 0.1
1 C_6_299 30 20 0.9 0.1
1 C_6_299 30 20 0.9 0.1
1 C_6_299 30 20 0.9 0.1
1 C_6_299 30 20 0.9 0.1
1 C_6_299 30 20 0.9 0.1
1 C_6_299 30 20 0.9 0.1
1 C_6_299 30 20 0.9 0.1
1 C_6_300 30 20 0.9 0.1
1 C_6_300 30 20 0.9 0.1
1 C_6_300 30 20 0.9 0.1
1 C_6_300 30 20 0.9 0.1
1 C_6_300 30 20 0.9 0.1
1 C_6_300 30 20 0.9 0.1
1 C_6_300 30 20 0.9 0.1
1 C_6_300 30 20 0.9 0.1
1 C_6_300 30 20 0.9 0.1
1 C_6_300 30 20 0.9 0.1