1 C_6_261 30 20 0.9 0.1
1 C_6_261 30 20 0.9 0.1
1 C_6_261 30 20 0.9 0.1
1 C_6_261 30 20 0.9 0.1
1 C_6_261 30 20 0.9 0.1
1 C_6_261 30 20 0.9 0.1
1 C_6_261 30 20 0.9 0.1
1 C_6_261 30 20 0.9 0.1
1 C_6_261 30 20 0.9 0.1
1 C_6_261 30 20 0.9 0.1
1 C_6_262 30 20 0.9 0.1
1 C_6_262 30 20 0.9 0.1
1 C_6_262 30 20 0.9 0.1
1 C_6_262 30 20 0.9 0.1
1 C_6_262 30 20 0.9 0.1
1 C_6_262 30 20 0.9 0.1
1 C_6_262 30 20 0.9 0.1
1 C_6_262 30 20 0.9 0.1
1 C_6_262 30 20 0.9 0.1
1 C_6_262 30 20 0.9 0.1
1 C_6_263 30 20 0.9 0.1
1 C_6_263 30 20 0.9 0.1
1 C_6_263 30 20 0.9 0.1
1 C_6_263 30 20 0.9 0.1
1 C_6_263 30 20 0.9 0.1
1 C_6_263 30 20 0.9 0.1
1 C_6_263 30 20 0.9 0.1
1 C_6_263 30 20 0.9 0.1
1 C_6_263 30 20 0.9 0.1
1 C_6_263 30 20 0.9 0.1
1 C_6_264 30 20 0.9 0.1
1 C_6_264 30 20 0.9 0.1
1 C_6_264 30 20 0.9 0.1
1 C_6_264 30 20 0.9 0.1
1 C_6_264 30 20 0.9 0.1
1 C_6_264 30 20 0.9 0.1
1 C_6_264 30 20 0.9 0.1
1 C_6_264 30 20 0.9 0.1
1 C_6_264 30 20 0.9 0.1
1 C_6_264 30 20 0.9 0.1
1 C_6_265 30 20 0.9 0.1
1 C_6_265 30 20 0.9 0.1
1 C_6_265 30 20 0.9 0.1
1 C_6_265 30 20 0.9 0.1
1 C_6_265 30 20 0.9 0.1
1 C_6_265 30 20 0.9 0.1
1 C_6_265 30 20 0.9 0.1
1 C_6_265 30 20 0.9 0.1
1 C_6_265 30 20 0.9 0.1
1 C_6_265 30 20 0.9 0.1
1 C_6_266 30 20 0.9 0.1
1 C_6_266 30 20 0.9 0.1
1 C_6_266 30 20 0.9 0.1
1 C_6_266 30 20 0.9 0.1
1 C_6_266 30 20 0.9 0.1
1 C_6_266 30 20 0.9 0.1
1 C_6_266 30 20 0.9 0.1
1 C_6_266 30 20 0.9 0.1
1 C_6_266 30 20 0.9 0.1
1 C_6_266 30 20 0.9 0.1
1 C_6_267 30 20 0.9 0.1
1 C_6_267 30 20 0.9 0.1
1 C_6_267 30 20 0.9 0.1
1 C_6_267 30 20 0.9 0.1
1 C_6_267 30 20 0.9 0.1
1 C_6_267 30 20 0.9 0.1
1 C_6_267 30 20 0.9 0.1
1 C_6_267 30 20 0.9 0.1
1 C_6_267 30 20 0.9 0.1
1 C_6_267 30 20 0.9 0.1
1 C_6_268 30 20 0.9 0.1
1 C_6_268 30 20 0.9 0.1
1 C_6_268 30 20 0.9 0.1
1 C_6_268 30 20 0.9 0.1
1 C_6_268 30 20 0.9 0.1
1 C_6_268 30 20 0.9 0.1
1 C_6_268 30 20 0.9 0.1
1 C_6_268 30 20 0.9 0.1
1 C_6_268 30 20 0.9 0.1
1 C_6_268 30 20 0.9 0.1
1 C_6_269 30 20 0.9 0.1
1 C_6_269 30 20 0.9 0.1
1 C_6_269 30 20 0.9 0.1
1 C_6_269 30 20 0.9 0.1
1 C_6_269 30 20 0.9 0.1
1 C_6_269 30 20 0.9 0.1
1 C_6_269 30 20 0.9 0.1
1 C_6_269 30 20 0.9 0.1
1 C_6_269 30 20 0.9 0.1
1 C_6_269 30 20 0.9 0.1
1 C_6_270 30 20 0.9 0.1
1 C_6_270 30 20 0.9 0.1
1 C_6_270 30 20 0.9 0.1
1 C_6_270 30 20 0.9 0.1
1 C_6_270 30 20 0.9 0.1
1 C_6_270 30 20 0.9 0.1
1 C_6_270 30 20 0.9 0.1
1 C_6_270 30 20 0.9 0.1
1 C_6_270 30 20 0.9 0.1
1 C_6_270 30 20 0.9 0.1