1 C_6_251 30 20 0.9 0.1
1 C_6_251 30 20 0.9 0.1
1 C_6_251 30 20 0.9 0.1
1 C_6_251 30 20 0.9 0.1
1 C_6_251 30 20 0.9 0.1
1 C_6_251 30 20 0.9 0.1
1 C_6_251 30 20 0.9 0.1
1 C_6_251 30 20 0.9 0.1
1 C_6_251 30 20 0.9 0.1
1 C_6_251 30 20 0.9 0.1
1 C_6_252 30 20 0.9 0.1
1 C_6_252 30 20 0.9 0.1
1 C_6_252 30 20 0.9 0.1
1 C_6_252 30 20 0.9 0.1
1 C_6_252 30 20 0.9 0.1
1 C_6_252 30 20 0.9 0.1
1 C_6_252 30 20 0.9 0.1
1 C_6_252 30 20 0.9 0.1
1 C_6_252 30 20 0.9 0.1
1 C_6_252 30 20 0.9 0.1
1 C_6_253 30 20 0.9 0.1
1 C_6_253 30 20 0.9 0.1
1 C_6_253 30 20 0.9 0.1
1 C_6_253 30 20 0.9 0.1
1 C_6_253 30 20 0.9 0.1
1 C_6_253 30 20 0.9 0.1
1 C_6_253 30 20 0.9 0.1
1 C_6_253 30 20 0.9 0.1
1 C_6_253 30 20 0.9 0.1
1 C_6_253 30 20 0.9 0.1
1 C_6_254 30 20 0.9 0.1
1 C_6_254 30 20 0.9 0.1
1 C_6_254 30 20 0.9 0.1
1 C_6_254 30 20 0.9 0.1
1 C_6_254 30 20 0.9 0.1
1 C_6_254 30 20 0.9 0.1
1 C_6_254 30 20 0.9 0.1
1 C_6_254 30 20 0.9 0.1
1 C_6_254 30 20 0.9 0.1
1 C_6_254 30 20 0.9 0.1
1 C_6_255 30 20 0.9 0.1
1 C_6_255 30 20 0.9 0.1
1 C_6_255 30 20 0.9 0.1
1 C_6_255 30 20 0.9 0.1
1 C_6_255 30 20 0.9 0.1
1 C_6_255 30 20 0.9 0.1
1 C_6_255 30 20 0.9 0.1
1 C_6_255 30 20 0.9 0.1
1 C_6_255 30 20 0.9 0.1
1 C_6_255 30 20 0.9 0.1
1 C_6_256 30 20 0.9 0.1
1 C_6_256 30 20 0.9 0.1
1 C_6_256 30 20 0.9 0.1
1 C_6_256 30 20 0.9 0.1
1 C_6_256 30 20 0.9 0.1
1 C_6_256 30 20 0.9 0.1
1 C_6_256 30 20 0.9 0.1
1 C_6_256 30 20 0.9 0.1
1 C_6_256 30 20 0.9 0.1
1 C_6_256 30 20 0.9 0.1
1 C_6_257 30 20 0.9 0.1
1 C_6_257 30 20 0.9 0.1
1 C_6_257 30 20 0.9 0.1
1 C_6_257 30 20 0.9 0.1
1 C_6_257 30 20 0.9 0.1
1 C_6_257 30 20 0.9 0.1
1 C_6_257 30 20 0.9 0.1
1 C_6_257 30 20 0.9 0.1
1 C_6_257 30 20 0.9 0.1
1 C_6_257 30 20 0.9 0.1
1 C_6_258 30 20 0.9 0.1
1 C_6_258 30 20 0.9 0.1
1 C_6_258 30 20 0.9 0.1
1 C_6_258 30 20 0.9 0.1
1 C_6_258 30 20 0.9 0.1
1 C_6_258 30 20 0.9 0.1
1 C_6_258 30 20 0.9 0.1
1 C_6_258 30 20 0.9 0.1
1 C_6_258 30 20 0.9 0.1
1 C_6_258 30 20 0.9 0.1
1 C_6_259 30 20 0.9 0.1
1 C_6_259 30 20 0.9 0.1
1 C_6_259 30 20 0.9 0.1
1 C_6_259 30 20 0.9 0.1
1 C_6_259 30 20 0.9 0.1
1 C_6_259 30 20 0.9 0.1
1 C_6_259 30 20 0.9 0.1
1 C_6_259 30 20 0.9 0.1
1 C_6_259 30 20 0.9 0.1
1 C_6_259 30 20 0.9 0.1
1 C_6_260 30 20 0.9 0.1
1 C_6_260 30 20 0.9 0.1
1 C_6_260 30 20 0.9 0.1
1 C_6_260 30 20 0.9 0.1
1 C_6_260 30 20 0.9 0.1
1 C_6_260 30 20 0.9 0.1
1 C_6_260 30 20 0.9 0.1
1 C_6_260 30 20 0.9 0.1
1 C_6_260 30 20 0.9 0.1
1 C_6_260 30 20 0.9 0.1