1 C_7_311 30 20 0.9 0.1
1 C_7_311 30 20 0.9 0.1
1 C_7_311 30 20 0.9 0.1
1 C_7_311 30 20 0.9 0.1
1 C_7_311 30 20 0.9 0.1
1 C_7_311 30 20 0.9 0.1
1 C_7_311 30 20 0.9 0.1
1 C_7_311 30 20 0.9 0.1
1 C_7_311 30 20 0.9 0.1
1 C_7_311 30 20 0.9 0.1
1 C_7_312 30 20 0.9 0.1
1 C_7_312 30 20 0.9 0.1
1 C_7_312 30 20 0.9 0.1
1 C_7_312 30 20 0.9 0.1
1 C_7_312 30 20 0.9 0.1
1 C_7_312 30 20 0.9 0.1
1 C_7_312 30 20 0.9 0.1
1 C_7_312 30 20 0.9 0.1
1 C_7_312 30 20 0.9 0.1
1 C_7_312 30 20 0.9 0.1
1 C_7_313 30 20 0.9 0.1
1 C_7_313 30 20 0.9 0.1
1 C_7_313 30 20 0.9 0.1
1 C_7_313 30 20 0.9 0.1
1 C_7_313 30 20 0.9 0.1
1 C_7_313 30 20 0.9 0.1
1 C_7_313 30 20 0.9 0.1
1 C_7_313 30 20 0.9 0.1
1 C_7_313 30 20 0.9 0.1
1 C_7_313 30 20 0.9 0.1
1 C_7_314 30 20 0.9 0.1
1 C_7_314 30 20 0.9 0.1
1 C_7_314 30 20 0.9 0.1
1 C_7_314 30 20 0.9 0.1
1 C_7_314 30 20 0.9 0.1
1 C_7_314 30 20 0.9 0.1
1 C_7_314 30 20 0.9 0.1
1 C_7_314 30 20 0.9 0.1
1 C_7_314 30 20 0.9 0.1
1 C_7_314 30 20 0.9 0.1
1 C_7_315 30 20 0.9 0.1
1 C_7_315 30 20 0.9 0.1
1 C_7_315 30 20 0.9 0.1
1 C_7_315 30 20 0.9 0.1
1 C_7_315 30 20 0.9 0.1
1 C_7_315 30 20 0.9 0.1
1 C_7_315 30 20 0.9 0.1
1 C_7_315 30 20 0.9 0.1
1 C_7_315 30 20 0.9 0.1
1 C_7_315 30 20 0.9 0.1
1 C_7_316 30 20 0.9 0.1
1 C_7_316 30 20 0.9 0.1
1 C_7_316 30 20 0.9 0.1
1 C_7_316 30 20 0.9 0.1
1 C_7_316 30 20 0.9 0.1
1 C_7_316 30 20 0.9 0.1
1 C_7_316 30 20 0.9 0.1
1 C_7_316 30 20 0.9 0.1
1 C_7_316 30 20 0.9 0.1
1 C_7_316 30 20 0.9 0.1
1 C_7_317 30 20 0.9 0.1
1 C_7_317 30 20 0.9 0.1
1 C_7_317 30 20 0.9 0.1
1 C_7_317 30 20 0.9 0.1
1 C_7_317 30 20 0.9 0.1
1 C_7_317 30 20 0.9 0.1
1 C_7_317 30 20 0.9 0.1
1 C_7_317 30 20 0.9 0.1
1 C_7_317 30 20 0.9 0.1
1 C_7_317 30 20 0.9 0.1
1 C_7_318 30 20 0.9 0.1
1 C_7_318 30 20 0.9 0.1
1 C_7_318 30 20 0.9 0.1
1 C_7_318 30 20 0.9 0.1
1 C_7_318 30 20 0.9 0.1
1 C_7_318 30 20 0.9 0.1
1 C_7_318 30 20 0.9 0.1
1 C_7_318 30 20 0.9 0.1
1 C_7_318 30 20 0.9 0.1
1 C_7_318 30 20 0.9 0.1
1 C_7_319 30 20 0.9 0.1
1 C_7_319 30 20 0.9 0.1
1 C_7_319 30 20 0.9 0.1
1 C_7_319 30 20 0.9 0.1
1 C_7_319 30 20 0.9 0.1
1 C_7_319 30 20 0.9 0.1
1 C_7_319 30 20 0.9 0.1
1 C_7_319 30 20 0.9 0.1
1 C_7_319 30 20 0.9 0.1
1 C_7_319 30 20 0.9 0.1
1 C_7_320 30 20 0.9 0.1
1 C_7_320 30 20 0.9 0.1
1 C_7_320 30 20 0.9 0.1
1 C_7_320 30 20 0.9 0.1
1 C_7_320 30 20 0.9 0.1
1 C_7_320 30 20 0.9 0.1
1 C_7_320 30 20 0.9 0.1
1 C_7_320 30 20 0.9 0.1
1 C_7_320 30 20 0.9 0.1
1 C_7_320 30 20 0.9 0.1