1 C_7_301 30 20 0.9 0.1
1 C_7_301 30 20 0.9 0.1
1 C_7_301 30 20 0.9 0.1
1 C_7_301 30 20 0.9 0.1
1 C_7_301 30 20 0.9 0.1
1 C_7_301 30 20 0.9 0.1
1 C_7_301 30 20 0.9 0.1
1 C_7_301 30 20 0.9 0.1
1 C_7_301 30 20 0.9 0.1
1 C_7_301 30 20 0.9 0.1
1 C_7_302 30 20 0.9 0.1
1 C_7_302 30 20 0.9 0.1
1 C_7_302 30 20 0.9 0.1
1 C_7_302 30 20 0.9 0.1
1 C_7_302 30 20 0.9 0.1
1 C_7_302 30 20 0.9 0.1
1 C_7_302 30 20 0.9 0.1
1 C_7_302 30 20 0.9 0.1
1 C_7_302 30 20 0.9 0.1
1 C_7_302 30 20 0.9 0.1
1 C_7_303 30 20 0.9 0.1
1 C_7_303 30 20 0.9 0.1
1 C_7_303 30 20 0.9 0.1
1 C_7_303 30 20 0.9 0.1
1 C_7_303 30 20 0.9 0.1
1 C_7_303 30 20 0.9 0.1
1 C_7_303 30 20 0.9 0.1
1 C_7_303 30 20 0.9 0.1
1 C_7_303 30 20 0.9 0.1
1 C_7_303 30 20 0.9 0.1
1 C_7_304 30 20 0.9 0.1
1 C_7_304 30 20 0.9 0.1
1 C_7_304 30 20 0.9 0.1
1 C_7_304 30 20 0.9 0.1
1 C_7_304 30 20 0.9 0.1
1 C_7_304 30 20 0.9 0.1
1 C_7_304 30 20 0.9 0.1
1 C_7_304 30 20 0.9 0.1
1 C_7_304 30 20 0.9 0.1
1 C_7_304 30 20 0.9 0.1
1 C_7_305 30 20 0.9 0.1
1 C_7_305 30 20 0.9 0.1
1 C_7_305 30 20 0.9 0.1
1 C_7_305 30 20 0.9 0.1
1 C_7_305 30 20 0.9 0.1
1 C_7_305 30 20 0.9 0.1
1 C_7_305 30 20 0.9 0.1
1 C_7_305 30 20 0.9 0.1
1 C_7_305 30 20 0.9 0.1
1 C_7_305 30 20 0.9 0.1
1 C_7_306 30 20 0.9 0.1
1 C_7_306 30 20 0.9 0.1
1 C_7_306 30 20 0.9 0.1
1 C_7_306 30 20 0.9 0.1
1 C_7_306 30 20 0.9 0.1
1 C_7_306 30 20 0.9 0.1
1 C_7_306 30 20 0.9 0.1
1 C_7_306 30 20 0.9 0.1
1 C_7_306 30 20 0.9 0.1
1 C_7_306 30 20 0.9 0.1
1 C_7_307 30 20 0.9 0.1
1 C_7_307 30 20 0.9 0.1
1 C_7_307 30 20 0.9 0.1
1 C_7_307 30 20 0.9 0.1
1 C_7_307 30 20 0.9 0.1
1 C_7_307 30 20 0.9 0.1
1 C_7_307 30 20 0.9 0.1
1 C_7_307 30 20 0.9 0.1
1 C_7_307 30 20 0.9 0.1
1 C_7_307 30 20 0.9 0.1
1 C_7_308 30 20 0.9 0.1
1 C_7_308 30 20 0.9 0.1
1 C_7_308 30 20 0.9 0.1
1 C_7_308 30 20 0.9 0.1
1 C_7_308 30 20 0.9 0.1
1 C_7_308 30 20 0.9 0.1
1 C_7_308 30 20 0.9 0.1
1 C_7_308 30 20 0.9 0.1
1 C_7_308 30 20 0.9 0.1
1 C_7_308 30 20 0.9 0.1
1 C_7_309 30 20 0.9 0.1
1 C_7_309 30 20 0.9 0.1
1 C_7_309 30 20 0.9 0.1
1 C_7_309 30 20 0.9 0.1
1 C_7_309 30 20 0.9 0.1
1 C_7_309 30 20 0.9 0.1
1 C_7_309 30 20 0.9 0.1
1 C_7_309 30 20 0.9 0.1
1 C_7_309 30 20 0.9 0.1
1 C_7_309 30 20 0.9 0.1
1 C_7_310 30 20 0.9 0.1
1 C_7_310 30 20 0.9 0.1
1 C_7_310 30 20 0.9 0.1
1 C_7_310 30 20 0.9 0.1
1 C_7_310 30 20 0.9 0.1
1 C_7_310 30 20 0.9 0.1
1 C_7_310 30 20 0.9 0.1
1 C_7_310 30 20 0.9 0.1
1 C_7_310 30 20 0.9 0.1
1 C_7_310 30 20 0.9 0.1
1 C_7_311 30 20 0.9 0.1
1 C_7_311 30 20 0.9 0.1
1 C_7_311 30 20 0.9 0.1
1 C_7_311 30 20 0.9 0.1
1 C_7_311 30 20 0.9 0.1
1 C_7_311 30 20 0.9 0.1
1 C_7_311 30 20 0.9 0.1
1 C_7_311 30 20 0.9 0.1
1 C_7_311 30 20 0.9 0.1
1 C_7_311 30 20 0.9 0.1
1 C_7_312 30 20 0.9 0.1
1 C_7_312 30 20 0.9 0.1
1 C_7_312 30 20 0.9 0.1
1 C_7_312 30 20 0.9 0.1
1 C_7_312 30 20 0.9 0.1
1 C_7_312 30 20 0.9 0.1
1 C_7_312 30 20 0.9 0.1
1 C_7_312 30 20 0.9 0.1
1 C_7_312 30 20 0.9 0.1
1 C_7_312 30 20 0.9 0.1
1 C_7_313 30 20 0.9 0.1
1 C_7_313 30 20 0.9 0.1
1 C_7_313 30 20 0.9 0.1
1 C_7_313 30 20 0.9 0.1
1 C_7_313 30 20 0.9 0.1
1 C_7_313 30 20 0.9 0.1
1 C_7_313 30 20 0.9 0.1
1 C_7_313 30 20 0.9 0.1
1 C_7_313 30 20 0.9 0.1
1 C_7_313 30 20 0.9 0.1
1 C_7_314 30 20 0.9 0.1
1 C_7_314 30 20 0.9 0.1
1 C_7_314 30 20 0.9 0.1
1 C_7_314 30 20 0.9 0.1
1 C_7_314 30 20 0.9 0.1
1 C_7_314 30 20 0.9 0.1
1 C_7_314 30 20 0.9 0.1
1 C_7_314 30 20 0.9 0.1
1 C_7_314 30 20 0.9 0.1
1 C_7_314 30 20 0.9 0.1
1 C_7_315 30 20 0.9 0.1
1 C_7_315 30 20 0.9 0.1
1 C_7_315 30 20 0.9 0.1
1 C_7_315 30 20 0.9 0.1
1 C_7_315 30 20 0.9 0.1
1 C_7_315 30 20 0.9 0.1
1 C_7_315 30 20 0.9 0.1
1 C_7_315 30 20 0.9 0.1
1 C_7_315 30 20 0.9 0.1
1 C_7_315 30 20 0.9 0.1
1 C_7_316 30 20 0.9 0.1
1 C_7_316 30 20 0.9 0.1
1 C_7_316 30 20 0.9 0.1
1 C_7_316 30 20 0.9 0.1
1 C_7_316 30 20 0.9 0.1
1 C_7_316 30 20 0.9 0.1
1 C_7_316 30 20 0.9 0.1
1 C_7_316 30 20 0.9 0.1
1 C_7_316 30 20 0.9 0.1
1 C_7_316 30 20 0.9 0.1
1 C_7_317 30 20 0.9 0.1
1 C_7_317 30 20 0.9 0.1
1 C_7_317 30 20 0.9 0.1
1 C_7_317 30 20 0.9 0.1
1 C_7_317 30 20 0.9 0.1
1 C_7_317 30 20 0.9 0.1
1 C_7_317 30 20 0.9 0.1
1 C_7_317 30 20 0.9 0.1
1 C_7_317 30 20 0.9 0.1
1 C_7_317 30 20 0.9 0.1
1 C_7_318 30 20 0.9 0.1
1 C_7_318 30 20 0.9 0.1
1 C_7_318 30 20 0.9 0.1
1 C_7_318 30 20 0.9 0.1
1 C_7_318 30 20 0.9 0.1
1 C_7_318 30 20 0.9 0.1
1 C_7_318 30 20 0.9 0.1
1 C_7_318 30 20 0.9 0.1
1 C_7_318 30 20 0.9 0.1
1 C_7_318 30 20 0.9 0.1
1 C_7_319 30 20 0.9 0.1
1 C_7_319 30 20 0.9 0.1
1 C_7_319 30 20 0.9 0.1
1 C_7_319 30 20 0.9 0.1
1 C_7_319 30 20 0.9 0.1
1 C_7_319 30 20 0.9 0.1
1 C_7_319 30 20 0.9 0.1
1 C_7_319 30 20 0.9 0.1
1 C_7_319 30 20 0.9 0.1
1 C_7_319 30 20 0.9 0.1
1 C_7_320 30 20 0.9 0.1
1 C_7_320 30 20 0.9 0.1
1 C_7_320 30 20 0.9 0.1
1 C_7_320 30 20 0.9 0.1
1 C_7_320 30 20 0.9 0.1
1 C_7_320 30 20 0.9 0.1
1 C_7_320 30 20 0.9 0.1
1 C_7_320 30 20 0.9 0.1
1 C_7_320 30 20 0.9 0.1
1 C_7_320 30 20 0.9 0.1
1 C_7_321 30 20 0.9 0.1
1 C_7_321 30 20 0.9 0.1
1 C_7_321 30 20 0.9 0.1
1 C_7_321 30 20 0.9 0.1
1 C_7_321 30 20 0.9 0.1
1 C_7_321 30 20 0.9 0.1
1 C_7_321 30 20 0.9 0.1
1 C_7_321 30 20 0.9 0.1
1 C_7_321 30 20 0.9 0.1
1 C_7_321 30 20 0.9 0.1
1 C_7_322 30 20 0.9 0.1
1 C_7_322 30 20 0.9 0.1
1 C_7_322 30 20 0.9 0.1
1 C_7_322 30 20 0.9 0.1
1 C_7_322 30 20 0.9 0.1
1 C_7_322 30 20 0.9 0.1
1 C_7_322 30 20 0.9 0.1
1 C_7_322 30 20 0.9 0.1
1 C_7_322 30 20 0.9 0.1
1 C_7_322 30 20 0.9 0.1
1 C_7_323 30 20 0.9 0.1
1 C_7_323 30 20 0.9 0.1
1 C_7_323 30 20 0.9 0.1
1 C_7_323 30 20 0.9 0.1
1 C_7_323 30 20 0.9 0.1
1 C_7_323 30 20 0.9 0.1
1 C_7_323 30 20 0.9 0.1
1 C_7_323 30 20 0.9 0.1
1 C_7_323 30 20 0.9 0.1
1 C_7_323 30 20 0.9 0.1
1 C_7_324 30 20 0.9 0.1
1 C_7_324 30 20 0.9 0.1
1 C_7_324 30 20 0.9 0.1
1 C_7_324 30 20 0.9 0.1
1 C_7_324 30 20 0.9 0.1
1 C_7_324 30 20 0.9 0.1
1 C_7_324 30 20 0.9 0.1
1 C_7_324 30 20 0.9 0.1
1 C_7_324 30 20 0.9 0.1
1 C_7_324 30 20 0.9 0.1
1 C_7_325 30 20 0.9 0.1
1 C_7_325 30 20 0.9 0.1
1 C_7_325 30 20 0.9 0.1
1 C_7_325 30 20 0.9 0.1
1 C_7_325 30 20 0.9 0.1
1 C_7_325 30 20 0.9 0.1
1 C_7_325 30 20 0.9 0.1
1 C_7_325 30 20 0.9 0.1
1 C_7_325 30 20 0.9 0.1
1 C_7_325 30 20 0.9 0.1
1 C_7_326 30 20 0.9 0.1
1 C_7_326 30 20 0.9 0.1
1 C_7_326 30 20 0.9 0.1
1 C_7_326 30 20 0.9 0.1
1 C_7_326 30 20 0.9 0.1
1 C_7_326 30 20 0.9 0.1
1 C_7_326 30 20 0.9 0.1
1 C_7_326 30 20 0.9 0.1
1 C_7_326 30 20 0.9 0.1
1 C_7_326 30 20 0.9 0.1
1 C_7_327 30 20 0.9 0.1
1 C_7_327 30 20 0.9 0.1
1 C_7_327 30 20 0.9 0.1
1 C_7_327 30 20 0.9 0.1
1 C_7_327 30 20 0.9 0.1
1 C_7_327 30 20 0.9 0.1
1 C_7_327 30 20 0.9 0.1
1 C_7_327 30 20 0.9 0.1
1 C_7_327 30 20 0.9 0.1
1 C_7_327 30 20 0.9 0.1
1 C_7_328 30 20 0.9 0.1
1 C_7_328 30 20 0.9 0.1
1 C_7_328 30 20 0.9 0.1
1 C_7_328 30 20 0.9 0.1
1 C_7_328 30 20 0.9 0.1
1 C_7_328 30 20 0.9 0.1
1 C_7_328 30 20 0.9 0.1
1 C_7_328 30 20 0.9 0.1
1 C_7_328 30 20 0.9 0.1
1 C_7_328 30 20 0.9 0.1
1 C_7_329 30 20 0.9 0.1
1 C_7_329 30 20 0.9 0.1
1 C_7_329 30 20 0.9 0.1
1 C_7_329 30 20 0.9 0.1
1 C_7_329 30 20 0.9 0.1
1 C_7_329 30 20 0.9 0.1
1 C_7_329 30 20 0.9 0.1
1 C_7_329 30 20 0.9 0.1
1 C_7_329 30 20 0.9 0.1
1 C_7_329 30 20 0.9 0.1
1 C_7_330 30 20 0.9 0.1
1 C_7_330 30 20 0.9 0.1
1 C_7_330 30 20 0.9 0.1
1 C_7_330 30 20 0.9 0.1
1 C_7_330 30 20 0.9 0.1
1 C_7_330 30 20 0.9 0.1
1 C_7_330 30 20 0.9 0.1
1 C_7_330 30 20 0.9 0.1
1 C_7_330 30 20 0.9 0.1
1 C_7_330 30 20 0.9 0.1
1 C_7_331 30 20 0.9 0.1
1 C_7_331 30 20 0.9 0.1
1 C_7_331 30 20 0.9 0.1
1 C_7_331 30 20 0.9 0.1
1 C_7_331 30 20 0.9 0.1
1 C_7_331 30 20 0.9 0.1
1 C_7_331 30 20 0.9 0.1
1 C_7_331 30 20 0.9 0.1
1 C_7_331 30 20 0.9 0.1
1 C_7_331 30 20 0.9 0.1
1 C_7_332 30 20 0.9 0.1
1 C_7_332 30 20 0.9 0.1
1 C_7_332 30 20 0.9 0.1
1 C_7_332 30 20 0.9 0.1
1 C_7_332 30 20 0.9 0.1
1 C_7_332 30 20 0.9 0.1
1 C_7_332 30 20 0.9 0.1
1 C_7_332 30 20 0.9 0.1
1 C_7_332 30 20 0.9 0.1
1 C_7_332 30 20 0.9 0.1
1 C_7_333 30 20 0.9 0.1
1 C_7_333 30 20 0.9 0.1
1 C_7_333 30 20 0.9 0.1
1 C_7_333 30 20 0.9 0.1
1 C_7_333 30 20 0.9 0.1
1 C_7_333 30 20 0.9 0.1
1 C_7_333 30 20 0.9 0.1
1 C_7_333 30 20 0.9 0.1
1 C_7_333 30 20 0.9 0.1
1 C_7_333 30 20 0.9 0.1
1 C_7_334 30 20 0.9 0.1
1 C_7_334 30 20 0.9 0.1
1 C_7_334 30 20 0.9 0.1
1 C_7_334 30 20 0.9 0.1
1 C_7_334 30 20 0.9 0.1
1 C_7_334 30 20 0.9 0.1
1 C_7_334 30 20 0.9 0.1
1 C_7_334 30 20 0.9 0.1
1 C_7_334 30 20 0.9 0.1
1 C_7_334 30 20 0.9 0.1
1 C_7_335 30 20 0.9 0.1
1 C_7_335 30 20 0.9 0.1
1 C_7_335 30 20 0.9 0.1
1 C_7_335 30 20 0.9 0.1
1 C_7_335 30 20 0.9 0.1
1 C_7_335 30 20 0.9 0.1
1 C_7_335 30 20 0.9 0.1
1 C_7_335 30 20 0.9 0.1
1 C_7_335 30 20 0.9 0.1
1 C_7_335 30 20 0.9 0.1
1 C_7_336 30 20 0.9 0.1
1 C_7_336 30 20 0.9 0.1
1 C_7_336 30 20 0.9 0.1
1 C_7_336 30 20 0.9 0.1
1 C_7_336 30 20 0.9 0.1
1 C_7_336 30 20 0.9 0.1
1 C_7_336 30 20 0.9 0.1
1 C_7_336 30 20 0.9 0.1
1 C_7_336 30 20 0.9 0.1
1 C_7_336 30 20 0.9 0.1
1 C_7_337 30 20 0.9 0.1
1 C_7_337 30 20 0.9 0.1
1 C_7_337 30 20 0.9 0.1
1 C_7_337 30 20 0.9 0.1
1 C_7_337 30 20 0.9 0.1
1 C_7_337 30 20 0.9 0.1
1 C_7_337 30 20 0.9 0.1
1 C_7_337 30 20 0.9 0.1
1 C_7_337 30 20 0.9 0.1
1 C_7_337 30 20 0.9 0.1
1 C_7_338 30 20 0.9 0.1
1 C_7_338 30 20 0.9 0.1
1 C_7_338 30 20 0.9 0.1
1 C_7_338 30 20 0.9 0.1
1 C_7_338 30 20 0.9 0.1
1 C_7_338 30 20 0.9 0.1
1 C_7_338 30 20 0.9 0.1
1 C_7_338 30 20 0.9 0.1
1 C_7_338 30 20 0.9 0.1
1 C_7_338 30 20 0.9 0.1
1 C_7_339 30 20 0.9 0.1
1 C_7_339 30 20 0.9 0.1
1 C_7_339 30 20 0.9 0.1
1 C_7_339 30 20 0.9 0.1
1 C_7_339 30 20 0.9 0.1
1 C_7_339 30 20 0.9 0.1
1 C_7_339 30 20 0.9 0.1
1 C_7_339 30 20 0.9 0.1
1 C_7_339 30 20 0.9 0.1
1 C_7_339 30 20 0.9 0.1
1 C_7_340 30 20 0.9 0.1
1 C_7_340 30 20 0.9 0.1
1 C_7_340 30 20 0.9 0.1
1 C_7_340 30 20 0.9 0.1
1 C_7_340 30 20 0.9 0.1
1 C_7_340 30 20 0.9 0.1
1 C_7_340 30 20 0.9 0.1
1 C_7_340 30 20 0.9 0.1
1 C_7_340 30 20 0.9 0.1
1 C_7_340 30 20 0.9 0.1
1 C_7_341 30 20 0.9 0.1
1 C_7_341 30 20 0.9 0.1
1 C_7_341 30 20 0.9 0.1
1 C_7_341 30 20 0.9 0.1
1 C_7_341 30 20 0.9 0.1
1 C_7_341 30 20 0.9 0.1
1 C_7_341 30 20 0.9 0.1
1 C_7_341 30 20 0.9 0.1
1 C_7_341 30 20 0.9 0.1
1 C_7_341 30 20 0.9 0.1
1 C_7_342 30 20 0.9 0.1
1 C_7_342 30 20 0.9 0.1
1 C_7_342 30 20 0.9 0.1
1 C_7_342 30 20 0.9 0.1
1 C_7_342 30 20 0.9 0.1
1 C_7_342 30 20 0.9 0.1
1 C_7_342 30 20 0.9 0.1
1 C_7_342 30 20 0.9 0.1
1 C_7_342 30 20 0.9 0.1
1 C_7_342 30 20 0.9 0.1
1 C_7_343 30 20 0.9 0.1
1 C_7_343 30 20 0.9 0.1
1 C_7_343 30 20 0.9 0.1
1 C_7_343 30 20 0.9 0.1
1 C_7_343 30 20 0.9 0.1
1 C_7_343 30 20 0.9 0.1
1 C_7_343 30 20 0.9 0.1
1 C_7_343 30 20 0.9 0.1
1 C_7_343 30 20 0.9 0.1
1 C_7_343 30 20 0.9 0.1
1 C_7_344 30 20 0.9 0.1
1 C_7_344 30 20 0.9 0.1
1 C_7_344 30 20 0.9 0.1
1 C_7_344 30 20 0.9 0.1
1 C_7_344 30 20 0.9 0.1
1 C_7_344 30 20 0.9 0.1
1 C_7_344 30 20 0.9 0.1
1 C_7_344 30 20 0.9 0.1
1 C_7_344 30 20 0.9 0.1
1 C_7_344 30 20 0.9 0.1
1 C_7_345 30 20 0.9 0.1
1 C_7_345 30 20 0.9 0.1
1 C_7_345 30 20 0.9 0.1
1 C_7_345 30 20 0.9 0.1
1 C_7_345 30 20 0.9 0.1
1 C_7_345 30 20 0.9 0.1
1 C_7_345 30 20 0.9 0.1
1 C_7_345 30 20 0.9 0.1
1 C_7_345 30 20 0.9 0.1
1 C_7_345 30 20 0.9 0.1
1 C_7_346 30 20 0.9 0.1
1 C_7_346 30 20 0.9 0.1
1 C_7_346 30 20 0.9 0.1
1 C_7_346 30 20 0.9 0.1
1 C_7_346 30 20 0.9 0.1
1 C_7_346 30 20 0.9 0.1
1 C_7_346 30 20 0.9 0.1
1 C_7_346 30 20 0.9 0.1
1 C_7_346 30 20 0.9 0.1
1 C_7_346 30 20 0.9 0.1
1 C_7_347 30 20 0.9 0.1
1 C_7_347 30 20 0.9 0.1
1 C_7_347 30 20 0.9 0.1
1 C_7_347 30 20 0.9 0.1
1 C_7_347 30 20 0.9 0.1
1 C_7_347 30 20 0.9 0.1
1 C_7_347 30 20 0.9 0.1
1 C_7_347 30 20 0.9 0.1
1 C_7_347 30 20 0.9 0.1
1 C_7_347 30 20 0.9 0.1
1 C_7_348 30 20 0.9 0.1
1 C_7_348 30 20 0.9 0.1
1 C_7_348 30 20 0.9 0.1
1 C_7_348 30 20 0.9 0.1
1 C_7_348 30 20 0.9 0.1
1 C_7_348 30 20 0.9 0.1
1 C_7_348 30 20 0.9 0.1
1 C_7_348 30 20 0.9 0.1
1 C_7_348 30 20 0.9 0.1
1 C_7_348 30 20 0.9 0.1
1 C_7_349 30 20 0.9 0.1
1 C_7_349 30 20 0.9 0.1
1 C_7_349 30 20 0.9 0.1
1 C_7_349 30 20 0.9 0.1
1 C_7_349 30 20 0.9 0.1
1 C_7_349 30 20 0.9 0.1
1 C_7_349 30 20 0.9 0.1
1 C_7_349 30 20 0.9 0.1
1 C_7_349 30 20 0.9 0.1
1 C_7_349 30 20 0.9 0.1
1 C_7_350 30 20 0.9 0.1
1 C_7_350 30 20 0.9 0.1
1 C_7_350 30 20 0.9 0.1
1 C_7_350 30 20 0.9 0.1
1 C_7_350 30 20 0.9 0.1
1 C_7_350 30 20 0.9 0.1
1 C_7_350 30 20 0.9 0.1
1 C_7_350 30 20 0.9 0.1
1 C_7_350 30 20 0.9 0.1
1 C_7_350 30 20 0.9 0.1