1 C_7_301 30 20 0.9 0.1
1 C_7_301 30 20 0.9 0.1
1 C_7_301 30 20 0.9 0.1
1 C_7_301 30 20 0.9 0.1
1 C_7_301 30 20 0.9 0.1
1 C_7_301 30 20 0.9 0.1
1 C_7_301 30 20 0.9 0.1
1 C_7_301 30 20 0.9 0.1
1 C_7_301 30 20 0.9 0.1
1 C_7_301 30 20 0.9 0.1
1 C_7_302 30 20 0.9 0.1
1 C_7_302 30 20 0.9 0.1
1 C_7_302 30 20 0.9 0.1
1 C_7_302 30 20 0.9 0.1
1 C_7_302 30 20 0.9 0.1
1 C_7_302 30 20 0.9 0.1
1 C_7_302 30 20 0.9 0.1
1 C_7_302 30 20 0.9 0.1
1 C_7_302 30 20 0.9 0.1
1 C_7_302 30 20 0.9 0.1
1 C_7_303 30 20 0.9 0.1
1 C_7_303 30 20 0.9 0.1
1 C_7_303 30 20 0.9 0.1
1 C_7_303 30 20 0.9 0.1
1 C_7_303 30 20 0.9 0.1
1 C_7_303 30 20 0.9 0.1
1 C_7_303 30 20 0.9 0.1
1 C_7_303 30 20 0.9 0.1
1 C_7_303 30 20 0.9 0.1
1 C_7_303 30 20 0.9 0.1
1 C_7_304 30 20 0.9 0.1
1 C_7_304 30 20 0.9 0.1
1 C_7_304 30 20 0.9 0.1
1 C_7_304 30 20 0.9 0.1
1 C_7_304 30 20 0.9 0.1
1 C_7_304 30 20 0.9 0.1
1 C_7_304 30 20 0.9 0.1
1 C_7_304 30 20 0.9 0.1
1 C_7_304 30 20 0.9 0.1
1 C_7_304 30 20 0.9 0.1
1 C_7_305 30 20 0.9 0.1
1 C_7_305 30 20 0.9 0.1
1 C_7_305 30 20 0.9 0.1
1 C_7_305 30 20 0.9 0.1
1 C_7_305 30 20 0.9 0.1
1 C_7_305 30 20 0.9 0.1
1 C_7_305 30 20 0.9 0.1
1 C_7_305 30 20 0.9 0.1
1 C_7_305 30 20 0.9 0.1
1 C_7_305 30 20 0.9 0.1
1 C_7_306 30 20 0.9 0.1
1 C_7_306 30 20 0.9 0.1
1 C_7_306 30 20 0.9 0.1
1 C_7_306 30 20 0.9 0.1
1 C_7_306 30 20 0.9 0.1
1 C_7_306 30 20 0.9 0.1
1 C_7_306 30 20 0.9 0.1
1 C_7_306 30 20 0.9 0.1
1 C_7_306 30 20 0.9 0.1
1 C_7_306 30 20 0.9 0.1
1 C_7_307 30 20 0.9 0.1
1 C_7_307 30 20 0.9 0.1
1 C_7_307 30 20 0.9 0.1
1 C_7_307 30 20 0.9 0.1
1 C_7_307 30 20 0.9 0.1
1 C_7_307 30 20 0.9 0.1
1 C_7_307 30 20 0.9 0.1
1 C_7_307 30 20 0.9 0.1
1 C_7_307 30 20 0.9 0.1
1 C_7_307 30 20 0.9 0.1
1 C_7_308 30 20 0.9 0.1
1 C_7_308 30 20 0.9 0.1
1 C_7_308 30 20 0.9 0.1
1 C_7_308 30 20 0.9 0.1
1 C_7_308 30 20 0.9 0.1
1 C_7_308 30 20 0.9 0.1
1 C_7_308 30 20 0.9 0.1
1 C_7_308 30 20 0.9 0.1
1 C_7_308 30 20 0.9 0.1
1 C_7_308 30 20 0.9 0.1
1 C_7_309 30 20 0.9 0.1
1 C_7_309 30 20 0.9 0.1
1 C_7_309 30 20 0.9 0.1
1 C_7_309 30 20 0.9 0.1
1 C_7_309 30 20 0.9 0.1
1 C_7_309 30 20 0.9 0.1
1 C_7_309 30 20 0.9 0.1
1 C_7_309 30 20 0.9 0.1
1 C_7_309 30 20 0.9 0.1
1 C_7_309 30 20 0.9 0.1
1 C_7_310 30 20 0.9 0.1
1 C_7_310 30 20 0.9 0.1
1 C_7_310 30 20 0.9 0.1
1 C_7_310 30 20 0.9 0.1
1 C_7_310 30 20 0.9 0.1
1 C_7_310 30 20 0.9 0.1
1 C_7_310 30 20 0.9 0.1
1 C_7_310 30 20 0.9 0.1
1 C_7_310 30 20 0.9 0.1
1 C_7_310 30 20 0.9 0.1