1 C_8_351 30 20 0.9 0.1
1 C_8_351 30 20 0.9 0.1
1 C_8_351 30 20 0.9 0.1
1 C_8_351 30 20 0.9 0.1
1 C_8_351 30 20 0.9 0.1
1 C_8_351 30 20 0.9 0.1
1 C_8_351 30 20 0.9 0.1
1 C_8_351 30 20 0.9 0.1
1 C_8_351 30 20 0.9 0.1
1 C_8_351 30 20 0.9 0.1
1 C_8_352 30 20 0.9 0.1
1 C_8_352 30 20 0.9 0.1
1 C_8_352 30 20 0.9 0.1
1 C_8_352 30 20 0.9 0.1
1 C_8_352 30 20 0.9 0.1
1 C_8_352 30 20 0.9 0.1
1 C_8_352 30 20 0.9 0.1
1 C_8_352 30 20 0.9 0.1
1 C_8_352 30 20 0.9 0.1
1 C_8_352 30 20 0.9 0.1
1 C_8_353 30 20 0.9 0.1
1 C_8_353 30 20 0.9 0.1
1 C_8_353 30 20 0.9 0.1
1 C_8_353 30 20 0.9 0.1
1 C_8_353 30 20 0.9 0.1
1 C_8_353 30 20 0.9 0.1
1 C_8_353 30 20 0.9 0.1
1 C_8_353 30 20 0.9 0.1
1 C_8_353 30 20 0.9 0.1
1 C_8_353 30 20 0.9 0.1
1 C_8_354 30 20 0.9 0.1
1 C_8_354 30 20 0.9 0.1
1 C_8_354 30 20 0.9 0.1
1 C_8_354 30 20 0.9 0.1
1 C_8_354 30 20 0.9 0.1
1 C_8_354 30 20 0.9 0.1
1 C_8_354 30 20 0.9 0.1
1 C_8_354 30 20 0.9 0.1
1 C_8_354 30 20 0.9 0.1
1 C_8_354 30 20 0.9 0.1
1 C_8_355 30 20 0.9 0.1
1 C_8_355 30 20 0.9 0.1
1 C_8_355 30 20 0.9 0.1
1 C_8_355 30 20 0.9 0.1
1 C_8_355 30 20 0.9 0.1
1 C_8_355 30 20 0.9 0.1
1 C_8_355 30 20 0.9 0.1
1 C_8_355 30 20 0.9 0.1
1 C_8_355 30 20 0.9 0.1
1 C_8_355 30 20 0.9 0.1
1 C_8_356 30 20 0.9 0.1
1 C_8_356 30 20 0.9 0.1
1 C_8_356 30 20 0.9 0.1
1 C_8_356 30 20 0.9 0.1
1 C_8_356 30 20 0.9 0.1
1 C_8_356 30 20 0.9 0.1
1 C_8_356 30 20 0.9 0.1
1 C_8_356 30 20 0.9 0.1
1 C_8_356 30 20 0.9 0.1
1 C_8_356 30 20 0.9 0.1
1 C_8_357 30 20 0.9 0.1
1 C_8_357 30 20 0.9 0.1
1 C_8_357 30 20 0.9 0.1
1 C_8_357 30 20 0.9 0.1
1 C_8_357 30 20 0.9 0.1
1 C_8_357 30 20 0.9 0.1
1 C_8_357 30 20 0.9 0.1
1 C_8_357 30 20 0.9 0.1
1 C_8_357 30 20 0.9 0.1
1 C_8_357 30 20 0.9 0.1
1 C_8_358 30 20 0.9 0.1
1 C_8_358 30 20 0.9 0.1
1 C_8_358 30 20 0.9 0.1
1 C_8_358 30 20 0.9 0.1
1 C_8_358 30 20 0.9 0.1
1 C_8_358 30 20 0.9 0.1
1 C_8_358 30 20 0.9 0.1
1 C_8_358 30 20 0.9 0.1
1 C_8_358 30 20 0.9 0.1
1 C_8_358 30 20 0.9 0.1
1 C_8_359 30 20 0.9 0.1
1 C_8_359 30 20 0.9 0.1
1 C_8_359 30 20 0.9 0.1
1 C_8_359 30 20 0.9 0.1
1 C_8_359 30 20 0.9 0.1
1 C_8_359 30 20 0.9 0.1
1 C_8_359 30 20 0.9 0.1
1 C_8_359 30 20 0.9 0.1
1 C_8_359 30 20 0.9 0.1
1 C_8_359 30 20 0.9 0.1
1 C_8_360 30 20 0.9 0.1
1 C_8_360 30 20 0.9 0.1
1 C_8_360 30 20 0.9 0.1
1 C_8_360 30 20 0.9 0.1
1 C_8_360 30 20 0.9 0.1
1 C_8_360 30 20 0.9 0.1
1 C_8_360 30 20 0.9 0.1
1 C_8_360 30 20 0.9 0.1
1 C_8_360 30 20 0.9 0.1
1 C_8_360 30 20 0.9 0.1