1 C_8_351 30 20 0.9 0.1
1 C_8_351 30 20 0.9 0.1
1 C_8_351 30 20 0.9 0.1
1 C_8_351 30 20 0.9 0.1
1 C_8_351 30 20 0.9 0.1
1 C_8_351 30 20 0.9 0.1
1 C_8_351 30 20 0.9 0.1
1 C_8_351 30 20 0.9 0.1
1 C_8_351 30 20 0.9 0.1
1 C_8_351 30 20 0.9 0.1
1 C_8_352 30 20 0.9 0.1
1 C_8_352 30 20 0.9 0.1
1 C_8_352 30 20 0.9 0.1
1 C_8_352 30 20 0.9 0.1
1 C_8_352 30 20 0.9 0.1
1 C_8_352 30 20 0.9 0.1
1 C_8_352 30 20 0.9 0.1
1 C_8_352 30 20 0.9 0.1
1 C_8_352 30 20 0.9 0.1
1 C_8_352 30 20 0.9 0.1
1 C_8_353 30 20 0.9 0.1
1 C_8_353 30 20 0.9 0.1
1 C_8_353 30 20 0.9 0.1
1 C_8_353 30 20 0.9 0.1
1 C_8_353 30 20 0.9 0.1
1 C_8_353 30 20 0.9 0.1
1 C_8_353 30 20 0.9 0.1
1 C_8_353 30 20 0.9 0.1
1 C_8_353 30 20 0.9 0.1
1 C_8_353 30 20 0.9 0.1
1 C_8_354 30 20 0.9 0.1
1 C_8_354 30 20 0.9 0.1
1 C_8_354 30 20 0.9 0.1
1 C_8_354 30 20 0.9 0.1
1 C_8_354 30 20 0.9 0.1
1 C_8_354 30 20 0.9 0.1
1 C_8_354 30 20 0.9 0.1
1 C_8_354 30 20 0.9 0.1
1 C_8_354 30 20 0.9 0.1
1 C_8_354 30 20 0.9 0.1
1 C_8_355 30 20 0.9 0.1
1 C_8_355 30 20 0.9 0.1
1 C_8_355 30 20 0.9 0.1
1 C_8_355 30 20 0.9 0.1
1 C_8_355 30 20 0.9 0.1
1 C_8_355 30 20 0.9 0.1
1 C_8_355 30 20 0.9 0.1
1 C_8_355 30 20 0.9 0.1
1 C_8_355 30 20 0.9 0.1
1 C_8_355 30 20 0.9 0.1
1 C_8_356 30 20 0.9 0.1
1 C_8_356 30 20 0.9 0.1
1 C_8_356 30 20 0.9 0.1
1 C_8_356 30 20 0.9 0.1
1 C_8_356 30 20 0.9 0.1
1 C_8_356 30 20 0.9 0.1
1 C_8_356 30 20 0.9 0.1
1 C_8_356 30 20 0.9 0.1
1 C_8_356 30 20 0.9 0.1
1 C_8_356 30 20 0.9 0.1
1 C_8_357 30 20 0.9 0.1
1 C_8_357 30 20 0.9 0.1
1 C_8_357 30 20 0.9 0.1
1 C_8_357 30 20 0.9 0.1
1 C_8_357 30 20 0.9 0.1
1 C_8_357 30 20 0.9 0.1
1 C_8_357 30 20 0.9 0.1
1 C_8_357 30 20 0.9 0.1
1 C_8_357 30 20 0.9 0.1
1 C_8_357 30 20 0.9 0.1
1 C_8_358 30 20 0.9 0.1
1 C_8_358 30 20 0.9 0.1
1 C_8_358 30 20 0.9 0.1
1 C_8_358 30 20 0.9 0.1
1 C_8_358 30 20 0.9 0.1
1 C_8_358 30 20 0.9 0.1
1 C_8_358 30 20 0.9 0.1
1 C_8_358 30 20 0.9 0.1
1 C_8_358 30 20 0.9 0.1
1 C_8_358 30 20 0.9 0.1
1 C_8_359 30 20 0.9 0.1
1 C_8_359 30 20 0.9 0.1
1 C_8_359 30 20 0.9 0.1
1 C_8_359 30 20 0.9 0.1
1 C_8_359 30 20 0.9 0.1
1 C_8_359 30 20 0.9 0.1
1 C_8_359 30 20 0.9 0.1
1 C_8_359 30 20 0.9 0.1
1 C_8_359 30 20 0.9 0.1
1 C_8_359 30 20 0.9 0.1
1 C_8_360 30 20 0.9 0.1
1 C_8_360 30 20 0.9 0.1
1 C_8_360 30 20 0.9 0.1
1 C_8_360 30 20 0.9 0.1
1 C_8_360 30 20 0.9 0.1
1 C_8_360 30 20 0.9 0.1
1 C_8_360 30 20 0.9 0.1
1 C_8_360 30 20 0.9 0.1
1 C_8_360 30 20 0.9 0.1
1 C_8_360 30 20 0.9 0.1
1 C_8_361 30 20 0.9 0.1
1 C_8_361 30 20 0.9 0.1
1 C_8_361 30 20 0.9 0.1
1 C_8_361 30 20 0.9 0.1
1 C_8_361 30 20 0.9 0.1
1 C_8_361 30 20 0.9 0.1
1 C_8_361 30 20 0.9 0.1
1 C_8_361 30 20 0.9 0.1
1 C_8_361 30 20 0.9 0.1
1 C_8_361 30 20 0.9 0.1
1 C_8_362 30 20 0.9 0.1
1 C_8_362 30 20 0.9 0.1
1 C_8_362 30 20 0.9 0.1
1 C_8_362 30 20 0.9 0.1
1 C_8_362 30 20 0.9 0.1
1 C_8_362 30 20 0.9 0.1
1 C_8_362 30 20 0.9 0.1
1 C_8_362 30 20 0.9 0.1
1 C_8_362 30 20 0.9 0.1
1 C_8_362 30 20 0.9 0.1
1 C_8_363 30 20 0.9 0.1
1 C_8_363 30 20 0.9 0.1
1 C_8_363 30 20 0.9 0.1
1 C_8_363 30 20 0.9 0.1
1 C_8_363 30 20 0.9 0.1
1 C_8_363 30 20 0.9 0.1
1 C_8_363 30 20 0.9 0.1
1 C_8_363 30 20 0.9 0.1
1 C_8_363 30 20 0.9 0.1
1 C_8_363 30 20 0.9 0.1
1 C_8_364 30 20 0.9 0.1
1 C_8_364 30 20 0.9 0.1
1 C_8_364 30 20 0.9 0.1
1 C_8_364 30 20 0.9 0.1
1 C_8_364 30 20 0.9 0.1
1 C_8_364 30 20 0.9 0.1
1 C_8_364 30 20 0.9 0.1
1 C_8_364 30 20 0.9 0.1
1 C_8_364 30 20 0.9 0.1
1 C_8_364 30 20 0.9 0.1
1 C_8_365 30 20 0.9 0.1
1 C_8_365 30 20 0.9 0.1
1 C_8_365 30 20 0.9 0.1
1 C_8_365 30 20 0.9 0.1
1 C_8_365 30 20 0.9 0.1
1 C_8_365 30 20 0.9 0.1
1 C_8_365 30 20 0.9 0.1
1 C_8_365 30 20 0.9 0.1
1 C_8_365 30 20 0.9 0.1
1 C_8_365 30 20 0.9 0.1
1 C_8_366 30 20 0.9 0.1
1 C_8_366 30 20 0.9 0.1
1 C_8_366 30 20 0.9 0.1
1 C_8_366 30 20 0.9 0.1
1 C_8_366 30 20 0.9 0.1
1 C_8_366 30 20 0.9 0.1
1 C_8_366 30 20 0.9 0.1
1 C_8_366 30 20 0.9 0.1
1 C_8_366 30 20 0.9 0.1
1 C_8_366 30 20 0.9 0.1
1 C_8_367 30 20 0.9 0.1
1 C_8_367 30 20 0.9 0.1
1 C_8_367 30 20 0.9 0.1
1 C_8_367 30 20 0.9 0.1
1 C_8_367 30 20 0.9 0.1
1 C_8_367 30 20 0.9 0.1
1 C_8_367 30 20 0.9 0.1
1 C_8_367 30 20 0.9 0.1
1 C_8_367 30 20 0.9 0.1
1 C_8_367 30 20 0.9 0.1
1 C_8_368 30 20 0.9 0.1
1 C_8_368 30 20 0.9 0.1
1 C_8_368 30 20 0.9 0.1
1 C_8_368 30 20 0.9 0.1
1 C_8_368 30 20 0.9 0.1
1 C_8_368 30 20 0.9 0.1
1 C_8_368 30 20 0.9 0.1
1 C_8_368 30 20 0.9 0.1
1 C_8_368 30 20 0.9 0.1
1 C_8_368 30 20 0.9 0.1
1 C_8_369 30 20 0.9 0.1
1 C_8_369 30 20 0.9 0.1
1 C_8_369 30 20 0.9 0.1
1 C_8_369 30 20 0.9 0.1
1 C_8_369 30 20 0.9 0.1
1 C_8_369 30 20 0.9 0.1
1 C_8_369 30 20 0.9 0.1
1 C_8_369 30 20 0.9 0.1
1 C_8_369 30 20 0.9 0.1
1 C_8_369 30 20 0.9 0.1
1 C_8_370 30 20 0.9 0.1
1 C_8_370 30 20 0.9 0.1
1 C_8_370 30 20 0.9 0.1
1 C_8_370 30 20 0.9 0.1
1 C_8_370 30 20 0.9 0.1
1 C_8_370 30 20 0.9 0.1
1 C_8_370 30 20 0.9 0.1
1 C_8_370 30 20 0.9 0.1
1 C_8_370 30 20 0.9 0.1
1 C_8_370 30 20 0.9 0.1
1 C_8_371 30 20 0.9 0.1
1 C_8_371 30 20 0.9 0.1
1 C_8_371 30 20 0.9 0.1
1 C_8_371 30 20 0.9 0.1
1 C_8_371 30 20 0.9 0.1
1 C_8_371 30 20 0.9 0.1
1 C_8_371 30 20 0.9 0.1
1 C_8_371 30 20 0.9 0.1
1 C_8_371 30 20 0.9 0.1
1 C_8_371 30 20 0.9 0.1
1 C_8_372 30 20 0.9 0.1
1 C_8_372 30 20 0.9 0.1
1 C_8_372 30 20 0.9 0.1
1 C_8_372 30 20 0.9 0.1
1 C_8_372 30 20 0.9 0.1
1 C_8_372 30 20 0.9 0.1
1 C_8_372 30 20 0.9 0.1
1 C_8_372 30 20 0.9 0.1
1 C_8_372 30 20 0.9 0.1
1 C_8_372 30 20 0.9 0.1
1 C_8_373 30 20 0.9 0.1
1 C_8_373 30 20 0.9 0.1
1 C_8_373 30 20 0.9 0.1
1 C_8_373 30 20 0.9 0.1
1 C_8_373 30 20 0.9 0.1
1 C_8_373 30 20 0.9 0.1
1 C_8_373 30 20 0.9 0.1
1 C_8_373 30 20 0.9 0.1
1 C_8_373 30 20 0.9 0.1
1 C_8_373 30 20 0.9 0.1
1 C_8_374 30 20 0.9 0.1
1 C_8_374 30 20 0.9 0.1
1 C_8_374 30 20 0.9 0.1
1 C_8_374 30 20 0.9 0.1
1 C_8_374 30 20 0.9 0.1
1 C_8_374 30 20 0.9 0.1
1 C_8_374 30 20 0.9 0.1
1 C_8_374 30 20 0.9 0.1
1 C_8_374 30 20 0.9 0.1
1 C_8_374 30 20 0.9 0.1
1 C_8_375 30 20 0.9 0.1
1 C_8_375 30 20 0.9 0.1
1 C_8_375 30 20 0.9 0.1
1 C_8_375 30 20 0.9 0.1
1 C_8_375 30 20 0.9 0.1
1 C_8_375 30 20 0.9 0.1
1 C_8_375 30 20 0.9 0.1
1 C_8_375 30 20 0.9 0.1
1 C_8_375 30 20 0.9 0.1
1 C_8_375 30 20 0.9 0.1
1 C_8_376 30 20 0.9 0.1
1 C_8_376 30 20 0.9 0.1
1 C_8_376 30 20 0.9 0.1
1 C_8_376 30 20 0.9 0.1
1 C_8_376 30 20 0.9 0.1
1 C_8_376 30 20 0.9 0.1
1 C_8_376 30 20 0.9 0.1
1 C_8_376 30 20 0.9 0.1
1 C_8_376 30 20 0.9 0.1
1 C_8_376 30 20 0.9 0.1
1 C_8_377 30 20 0.9 0.1
1 C_8_377 30 20 0.9 0.1
1 C_8_377 30 20 0.9 0.1
1 C_8_377 30 20 0.9 0.1
1 C_8_377 30 20 0.9 0.1
1 C_8_377 30 20 0.9 0.1
1 C_8_377 30 20 0.9 0.1
1 C_8_377 30 20 0.9 0.1
1 C_8_377 30 20 0.9 0.1
1 C_8_377 30 20 0.9 0.1
1 C_8_378 30 20 0.9 0.1
1 C_8_378 30 20 0.9 0.1
1 C_8_378 30 20 0.9 0.1
1 C_8_378 30 20 0.9 0.1
1 C_8_378 30 20 0.9 0.1
1 C_8_378 30 20 0.9 0.1
1 C_8_378 30 20 0.9 0.1
1 C_8_378 30 20 0.9 0.1
1 C_8_378 30 20 0.9 0.1
1 C_8_378 30 20 0.9 0.1
1 C_8_379 30 20 0.9 0.1
1 C_8_379 30 20 0.9 0.1
1 C_8_379 30 20 0.9 0.1
1 C_8_379 30 20 0.9 0.1
1 C_8_379 30 20 0.9 0.1
1 C_8_379 30 20 0.9 0.1
1 C_8_379 30 20 0.9 0.1
1 C_8_379 30 20 0.9 0.1
1 C_8_379 30 20 0.9 0.1
1 C_8_379 30 20 0.9 0.1
1 C_8_380 30 20 0.9 0.1
1 C_8_380 30 20 0.9 0.1
1 C_8_380 30 20 0.9 0.1
1 C_8_380 30 20 0.9 0.1
1 C_8_380 30 20 0.9 0.1
1 C_8_380 30 20 0.9 0.1
1 C_8_380 30 20 0.9 0.1
1 C_8_380 30 20 0.9 0.1
1 C_8_380 30 20 0.9 0.1
1 C_8_380 30 20 0.9 0.1
1 C_8_381 30 20 0.9 0.1
1 C_8_381 30 20 0.9 0.1
1 C_8_381 30 20 0.9 0.1
1 C_8_381 30 20 0.9 0.1
1 C_8_381 30 20 0.9 0.1
1 C_8_381 30 20 0.9 0.1
1 C_8_381 30 20 0.9 0.1
1 C_8_381 30 20 0.9 0.1
1 C_8_381 30 20 0.9 0.1
1 C_8_381 30 20 0.9 0.1
1 C_8_382 30 20 0.9 0.1
1 C_8_382 30 20 0.9 0.1
1 C_8_382 30 20 0.9 0.1
1 C_8_382 30 20 0.9 0.1
1 C_8_382 30 20 0.9 0.1
1 C_8_382 30 20 0.9 0.1
1 C_8_382 30 20 0.9 0.1
1 C_8_382 30 20 0.9 0.1
1 C_8_382 30 20 0.9 0.1
1 C_8_382 30 20 0.9 0.1
1 C_8_383 30 20 0.9 0.1
1 C_8_383 30 20 0.9 0.1
1 C_8_383 30 20 0.9 0.1
1 C_8_383 30 20 0.9 0.1
1 C_8_383 30 20 0.9 0.1
1 C_8_383 30 20 0.9 0.1
1 C_8_383 30 20 0.9 0.1
1 C_8_383 30 20 0.9 0.1
1 C_8_383 30 20 0.9 0.1
1 C_8_383 30 20 0.9 0.1
1 C_8_384 30 20 0.9 0.1
1 C_8_384 30 20 0.9 0.1
1 C_8_384 30 20 0.9 0.1
1 C_8_384 30 20 0.9 0.1
1 C_8_384 30 20 0.9 0.1
1 C_8_384 30 20 0.9 0.1
1 C_8_384 30 20 0.9 0.1
1 C_8_384 30 20 0.9 0.1
1 C_8_384 30 20 0.9 0.1
1 C_8_384 30 20 0.9 0.1
1 C_8_385 30 20 0.9 0.1
1 C_8_385 30 20 0.9 0.1
1 C_8_385 30 20 0.9 0.1
1 C_8_385 30 20 0.9 0.1
1 C_8_385 30 20 0.9 0.1
1 C_8_385 30 20 0.9 0.1
1 C_8_385 30 20 0.9 0.1
1 C_8_385 30 20 0.9 0.1
1 C_8_385 30 20 0.9 0.1
1 C_8_385 30 20 0.9 0.1
1 C_8_386 30 20 0.9 0.1
1 C_8_386 30 20 0.9 0.1
1 C_8_386 30 20 0.9 0.1
1 C_8_386 30 20 0.9 0.1
1 C_8_386 30 20 0.9 0.1
1 C_8_386 30 20 0.9 0.1
1 C_8_386 30 20 0.9 0.1
1 C_8_386 30 20 0.9 0.1
1 C_8_386 30 20 0.9 0.1
1 C_8_386 30 20 0.9 0.1
1 C_8_387 30 20 0.9 0.1
1 C_8_387 30 20 0.9 0.1
1 C_8_387 30 20 0.9 0.1
1 C_8_387 30 20 0.9 0.1
1 C_8_387 30 20 0.9 0.1
1 C_8_387 30 20 0.9 0.1
1 C_8_387 30 20 0.9 0.1
1 C_8_387 30 20 0.9 0.1
1 C_8_387 30 20 0.9 0.1
1 C_8_387 30 20 0.9 0.1
1 C_8_388 30 20 0.9 0.1
1 C_8_388 30 20 0.9 0.1
1 C_8_388 30 20 0.9 0.1
1 C_8_388 30 20 0.9 0.1
1 C_8_388 30 20 0.9 0.1
1 C_8_388 30 20 0.9 0.1
1 C_8_388 30 20 0.9 0.1
1 C_8_388 30 20 0.9 0.1
1 C_8_388 30 20 0.9 0.1
1 C_8_388 30 20 0.9 0.1
1 C_8_389 30 20 0.9 0.1
1 C_8_389 30 20 0.9 0.1
1 C_8_389 30 20 0.9 0.1
1 C_8_389 30 20 0.9 0.1
1 C_8_389 30 20 0.9 0.1
1 C_8_389 30 20 0.9 0.1
1 C_8_389 30 20 0.9 0.1
1 C_8_389 30 20 0.9 0.1
1 C_8_389 30 20 0.9 0.1
1 C_8_389 30 20 0.9 0.1
1 C_8_390 30 20 0.9 0.1
1 C_8_390 30 20 0.9 0.1
1 C_8_390 30 20 0.9 0.1
1 C_8_390 30 20 0.9 0.1
1 C_8_390 30 20 0.9 0.1
1 C_8_390 30 20 0.9 0.1
1 C_8_390 30 20 0.9 0.1
1 C_8_390 30 20 0.9 0.1
1 C_8_390 30 20 0.9 0.1
1 C_8_390 30 20 0.9 0.1
1 C_8_391 30 20 0.9 0.1
1 C_8_391 30 20 0.9 0.1
1 C_8_391 30 20 0.9 0.1
1 C_8_391 30 20 0.9 0.1
1 C_8_391 30 20 0.9 0.1
1 C_8_391 30 20 0.9 0.1
1 C_8_391 30 20 0.9 0.1
1 C_8_391 30 20 0.9 0.1
1 C_8_391 30 20 0.9 0.1
1 C_8_391 30 20 0.9 0.1
1 C_8_392 30 20 0.9 0.1
1 C_8_392 30 20 0.9 0.1
1 C_8_392 30 20 0.9 0.1
1 C_8_392 30 20 0.9 0.1
1 C_8_392 30 20 0.9 0.1
1 C_8_392 30 20 0.9 0.1
1 C_8_392 30 20 0.9 0.1
1 C_8_392 30 20 0.9 0.1
1 C_8_392 30 20 0.9 0.1
1 C_8_392 30 20 0.9 0.1
1 C_8_393 30 20 0.9 0.1
1 C_8_393 30 20 0.9 0.1
1 C_8_393 30 20 0.9 0.1
1 C_8_393 30 20 0.9 0.1
1 C_8_393 30 20 0.9 0.1
1 C_8_393 30 20 0.9 0.1
1 C_8_393 30 20 0.9 0.1
1 C_8_393 30 20 0.9 0.1
1 C_8_393 30 20 0.9 0.1
1 C_8_393 30 20 0.9 0.1
1 C_8_394 30 20 0.9 0.1
1 C_8_394 30 20 0.9 0.1
1 C_8_394 30 20 0.9 0.1
1 C_8_394 30 20 0.9 0.1
1 C_8_394 30 20 0.9 0.1
1 C_8_394 30 20 0.9 0.1
1 C_8_394 30 20 0.9 0.1
1 C_8_394 30 20 0.9 0.1
1 C_8_394 30 20 0.9 0.1
1 C_8_394 30 20 0.9 0.1
1 C_8_395 30 20 0.9 0.1
1 C_8_395 30 20 0.9 0.1
1 C_8_395 30 20 0.9 0.1
1 C_8_395 30 20 0.9 0.1
1 C_8_395 30 20 0.9 0.1
1 C_8_395 30 20 0.9 0.1
1 C_8_395 30 20 0.9 0.1
1 C_8_395 30 20 0.9 0.1
1 C_8_395 30 20 0.9 0.1
1 C_8_395 30 20 0.9 0.1
1 C_8_396 30 20 0.9 0.1
1 C_8_396 30 20 0.9 0.1
1 C_8_396 30 20 0.9 0.1
1 C_8_396 30 20 0.9 0.1
1 C_8_396 30 20 0.9 0.1
1 C_8_396 30 20 0.9 0.1
1 C_8_396 30 20 0.9 0.1
1 C_8_396 30 20 0.9 0.1
1 C_8_396 30 20 0.9 0.1
1 C_8_396 30 20 0.9 0.1
1 C_8_397 30 20 0.9 0.1
1 C_8_397 30 20 0.9 0.1
1 C_8_397 30 20 0.9 0.1
1 C_8_397 30 20 0.9 0.1
1 C_8_397 30 20 0.9 0.1
1 C_8_397 30 20 0.9 0.1
1 C_8_397 30 20 0.9 0.1
1 C_8_397 30 20 0.9 0.1
1 C_8_397 30 20 0.9 0.1
1 C_8_397 30 20 0.9 0.1
1 C_8_398 30 20 0.9 0.1
1 C_8_398 30 20 0.9 0.1
1 C_8_398 30 20 0.9 0.1
1 C_8_398 30 20 0.9 0.1
1 C_8_398 30 20 0.9 0.1
1 C_8_398 30 20 0.9 0.1
1 C_8_398 30 20 0.9 0.1
1 C_8_398 30 20 0.9 0.1
1 C_8_398 30 20 0.9 0.1
1 C_8_398 30 20 0.9 0.1
1 C_8_399 30 20 0.9 0.1
1 C_8_399 30 20 0.9 0.1
1 C_8_399 30 20 0.9 0.1
1 C_8_399 30 20 0.9 0.1
1 C_8_399 30 20 0.9 0.1
1 C_8_399 30 20 0.9 0.1
1 C_8_399 30 20 0.9 0.1
1 C_8_399 30 20 0.9 0.1
1 C_8_399 30 20 0.9 0.1
1 C_8_399 30 20 0.9 0.1
1 C_8_400 30 20 0.9 0.1
1 C_8_400 30 20 0.9 0.1
1 C_8_400 30 20 0.9 0.1
1 C_8_400 30 20 0.9 0.1
1 C_8_400 30 20 0.9 0.1
1 C_8_400 30 20 0.9 0.1
1 C_8_400 30 20 0.9 0.1
1 C_8_400 30 20 0.9 0.1
1 C_8_400 30 20 0.9 0.1
1 C_8_400 30 20 0.9 0.1