1 C_8_361 30 20 0.9 0.1
1 C_8_361 30 20 0.9 0.1
1 C_8_361 30 20 0.9 0.1
1 C_8_361 30 20 0.9 0.1
1 C_8_361 30 20 0.9 0.1
1 C_8_361 30 20 0.9 0.1
1 C_8_361 30 20 0.9 0.1
1 C_8_361 30 20 0.9 0.1
1 C_8_361 30 20 0.9 0.1
1 C_8_361 30 20 0.9 0.1
1 C_8_362 30 20 0.9 0.1
1 C_8_362 30 20 0.9 0.1
1 C_8_362 30 20 0.9 0.1
1 C_8_362 30 20 0.9 0.1
1 C_8_362 30 20 0.9 0.1
1 C_8_362 30 20 0.9 0.1
1 C_8_362 30 20 0.9 0.1
1 C_8_362 30 20 0.9 0.1
1 C_8_362 30 20 0.9 0.1
1 C_8_362 30 20 0.9 0.1
1 C_8_363 30 20 0.9 0.1
1 C_8_363 30 20 0.9 0.1
1 C_8_363 30 20 0.9 0.1
1 C_8_363 30 20 0.9 0.1
1 C_8_363 30 20 0.9 0.1
1 C_8_363 30 20 0.9 0.1
1 C_8_363 30 20 0.9 0.1
1 C_8_363 30 20 0.9 0.1
1 C_8_363 30 20 0.9 0.1
1 C_8_363 30 20 0.9 0.1
1 C_8_364 30 20 0.9 0.1
1 C_8_364 30 20 0.9 0.1
1 C_8_364 30 20 0.9 0.1
1 C_8_364 30 20 0.9 0.1
1 C_8_364 30 20 0.9 0.1
1 C_8_364 30 20 0.9 0.1
1 C_8_364 30 20 0.9 0.1
1 C_8_364 30 20 0.9 0.1
1 C_8_364 30 20 0.9 0.1
1 C_8_364 30 20 0.9 0.1
1 C_8_365 30 20 0.9 0.1
1 C_8_365 30 20 0.9 0.1
1 C_8_365 30 20 0.9 0.1
1 C_8_365 30 20 0.9 0.1
1 C_8_365 30 20 0.9 0.1
1 C_8_365 30 20 0.9 0.1
1 C_8_365 30 20 0.9 0.1
1 C_8_365 30 20 0.9 0.1
1 C_8_365 30 20 0.9 0.1
1 C_8_365 30 20 0.9 0.1
1 C_8_366 30 20 0.9 0.1
1 C_8_366 30 20 0.9 0.1
1 C_8_366 30 20 0.9 0.1
1 C_8_366 30 20 0.9 0.1
1 C_8_366 30 20 0.9 0.1
1 C_8_366 30 20 0.9 0.1
1 C_8_366 30 20 0.9 0.1
1 C_8_366 30 20 0.9 0.1
1 C_8_366 30 20 0.9 0.1
1 C_8_366 30 20 0.9 0.1
1 C_8_367 30 20 0.9 0.1
1 C_8_367 30 20 0.9 0.1
1 C_8_367 30 20 0.9 0.1
1 C_8_367 30 20 0.9 0.1
1 C_8_367 30 20 0.9 0.1
1 C_8_367 30 20 0.9 0.1
1 C_8_367 30 20 0.9 0.1
1 C_8_367 30 20 0.9 0.1
1 C_8_367 30 20 0.9 0.1
1 C_8_367 30 20 0.9 0.1
1 C_8_368 30 20 0.9 0.1
1 C_8_368 30 20 0.9 0.1
1 C_8_368 30 20 0.9 0.1
1 C_8_368 30 20 0.9 0.1
1 C_8_368 30 20 0.9 0.1
1 C_8_368 30 20 0.9 0.1
1 C_8_368 30 20 0.9 0.1
1 C_8_368 30 20 0.9 0.1
1 C_8_368 30 20 0.9 0.1
1 C_8_368 30 20 0.9 0.1
1 C_8_369 30 20 0.9 0.1
1 C_8_369 30 20 0.9 0.1
1 C_8_369 30 20 0.9 0.1
1 C_8_369 30 20 0.9 0.1
1 C_8_369 30 20 0.9 0.1
1 C_8_369 30 20 0.9 0.1
1 C_8_369 30 20 0.9 0.1
1 C_8_369 30 20 0.9 0.1
1 C_8_369 30 20 0.9 0.1
1 C_8_369 30 20 0.9 0.1
1 C_8_370 30 20 0.9 0.1
1 C_8_370 30 20 0.9 0.1
1 C_8_370 30 20 0.9 0.1
1 C_8_370 30 20 0.9 0.1
1 C_8_370 30 20 0.9 0.1
1 C_8_370 30 20 0.9 0.1
1 C_8_370 30 20 0.9 0.1
1 C_8_370 30 20 0.9 0.1
1 C_8_370 30 20 0.9 0.1
1 C_8_370 30 20 0.9 0.1