1 C_9_448 30 20 0.9 0.1
1 C_9_448 30 20 0.9 0.1
1 C_9_448 30 20 0.9 0.1
1 C_9_448 30 20 0.9 0.1
1 C_9_448 30 20 0.9 0.1
1 C_9_448 30 20 0.9 0.1
1 C_9_448 30 20 0.9 0.1
1 C_9_448 30 20 0.9 0.1
1 C_9_448 30 20 0.9 0.1
1 C_9_448 30 20 0.9 0.1
1 C_9_449 30 20 0.9 0.1
1 C_9_449 30 20 0.9 0.1
1 C_9_449 30 20 0.9 0.1
1 C_9_449 30 20 0.9 0.1
1 C_9_449 30 20 0.9 0.1
1 C_9_449 30 20 0.9 0.1
1 C_9_449 30 20 0.9 0.1
1 C_9_449 30 20 0.9 0.1
1 C_9_449 30 20 0.9 0.1
1 C_9_449 30 20 0.9 0.1
1 C_9_450 30 20 0.9 0.1
1 C_9_450 30 20 0.9 0.1
1 C_9_450 30 20 0.9 0.1
1 C_9_450 30 20 0.9 0.1
1 C_9_450 30 20 0.9 0.1
1 C_9_450 30 20 0.9 0.1
1 C_9_450 30 20 0.9 0.1
1 C_9_450 30 20 0.9 0.1
1 C_9_450 30 20 0.9 0.1
1 C_9_450 30 20 0.9 0.1