1 C_9_401 30 20 0.9 0.1
1 C_9_401 30 20 0.9 0.1
1 C_9_401 30 20 0.9 0.1
1 C_9_401 30 20 0.9 0.1
1 C_9_401 30 20 0.9 0.1
1 C_9_401 30 20 0.9 0.1
1 C_9_401 30 20 0.9 0.1
1 C_9_401 30 20 0.9 0.1
1 C_9_401 30 20 0.9 0.1
1 C_9_401 30 20 0.9 0.1
1 C_9_402 30 20 0.9 0.1
1 C_9_402 30 20 0.9 0.1
1 C_9_402 30 20 0.9 0.1
1 C_9_402 30 20 0.9 0.1
1 C_9_402 30 20 0.9 0.1
1 C_9_402 30 20 0.9 0.1
1 C_9_402 30 20 0.9 0.1
1 C_9_402 30 20 0.9 0.1
1 C_9_402 30 20 0.9 0.1
1 C_9_402 30 20 0.9 0.1
1 C_9_403 30 20 0.9 0.1
1 C_9_403 30 20 0.9 0.1
1 C_9_403 30 20 0.9 0.1
1 C_9_403 30 20 0.9 0.1
1 C_9_403 30 20 0.9 0.1
1 C_9_403 30 20 0.9 0.1
1 C_9_403 30 20 0.9 0.1
1 C_9_403 30 20 0.9 0.1
1 C_9_403 30 20 0.9 0.1
1 C_9_403 30 20 0.9 0.1
1 C_9_404 30 20 0.9 0.1
1 C_9_404 30 20 0.9 0.1
1 C_9_404 30 20 0.9 0.1
1 C_9_404 30 20 0.9 0.1
1 C_9_404 30 20 0.9 0.1
1 C_9_404 30 20 0.9 0.1
1 C_9_404 30 20 0.9 0.1
1 C_9_404 30 20 0.9 0.1
1 C_9_404 30 20 0.9 0.1
1 C_9_404 30 20 0.9 0.1
1 C_9_405 30 20 0.9 0.1
1 C_9_405 30 20 0.9 0.1
1 C_9_405 30 20 0.9 0.1
1 C_9_405 30 20 0.9 0.1
1 C_9_405 30 20 0.9 0.1
1 C_9_405 30 20 0.9 0.1
1 C_9_405 30 20 0.9 0.1
1 C_9_405 30 20 0.9 0.1
1 C_9_405 30 20 0.9 0.1
1 C_9_405 30 20 0.9 0.1
1 C_9_406 30 20 0.9 0.1
1 C_9_406 30 20 0.9 0.1
1 C_9_406 30 20 0.9 0.1
1 C_9_406 30 20 0.9 0.1
1 C_9_406 30 20 0.9 0.1
1 C_9_406 30 20 0.9 0.1
1 C_9_406 30 20 0.9 0.1
1 C_9_406 30 20 0.9 0.1
1 C_9_406 30 20 0.9 0.1
1 C_9_406 30 20 0.9 0.1
1 C_9_407 30 20 0.9 0.1
1 C_9_407 30 20 0.9 0.1
1 C_9_407 30 20 0.9 0.1
1 C_9_407 30 20 0.9 0.1
1 C_9_407 30 20 0.9 0.1
1 C_9_407 30 20 0.9 0.1
1 C_9_407 30 20 0.9 0.1
1 C_9_407 30 20 0.9 0.1
1 C_9_407 30 20 0.9 0.1
1 C_9_407 30 20 0.9 0.1
1 C_9_408 30 20 0.9 0.1
1 C_9_408 30 20 0.9 0.1
1 C_9_408 30 20 0.9 0.1
1 C_9_408 30 20 0.9 0.1
1 C_9_408 30 20 0.9 0.1
1 C_9_408 30 20 0.9 0.1
1 C_9_408 30 20 0.9 0.1
1 C_9_408 30 20 0.9 0.1
1 C_9_408 30 20 0.9 0.1
1 C_9_408 30 20 0.9 0.1
1 C_9_409 30 20 0.9 0.1
1 C_9_409 30 20 0.9 0.1
1 C_9_409 30 20 0.9 0.1
1 C_9_409 30 20 0.9 0.1
1 C_9_409 30 20 0.9 0.1
1 C_9_409 30 20 0.9 0.1
1 C_9_409 30 20 0.9 0.1
1 C_9_409 30 20 0.9 0.1
1 C_9_409 30 20 0.9 0.1
1 C_9_409 30 20 0.9 0.1
1 C_9_410 30 20 0.9 0.1
1 C_9_410 30 20 0.9 0.1
1 C_9_410 30 20 0.9 0.1
1 C_9_410 30 20 0.9 0.1
1 C_9_410 30 20 0.9 0.1
1 C_9_410 30 20 0.9 0.1
1 C_9_410 30 20 0.9 0.1
1 C_9_410 30 20 0.9 0.1
1 C_9_410 30 20 0.9 0.1
1 C_9_410 30 20 0.9 0.1