1 C_9_411 30 20 0.9 0.1
1 C_9_411 30 20 0.9 0.1
1 C_9_411 30 20 0.9 0.1
1 C_9_411 30 20 0.9 0.1
1 C_9_411 30 20 0.9 0.1
1 C_9_411 30 20 0.9 0.1
1 C_9_411 30 20 0.9 0.1
1 C_9_411 30 20 0.9 0.1
1 C_9_411 30 20 0.9 0.1
1 C_9_411 30 20 0.9 0.1
1 C_9_412 30 20 0.9 0.1
1 C_9_412 30 20 0.9 0.1
1 C_9_412 30 20 0.9 0.1
1 C_9_412 30 20 0.9 0.1
1 C_9_412 30 20 0.9 0.1
1 C_9_412 30 20 0.9 0.1
1 C_9_412 30 20 0.9 0.1
1 C_9_412 30 20 0.9 0.1
1 C_9_412 30 20 0.9 0.1
1 C_9_412 30 20 0.9 0.1
1 C_9_413 30 20 0.9 0.1
1 C_9_413 30 20 0.9 0.1
1 C_9_413 30 20 0.9 0.1
1 C_9_413 30 20 0.9 0.1
1 C_9_413 30 20 0.9 0.1
1 C_9_413 30 20 0.9 0.1
1 C_9_413 30 20 0.9 0.1
1 C_9_413 30 20 0.9 0.1
1 C_9_413 30 20 0.9 0.1
1 C_9_413 30 20 0.9 0.1
1 C_9_414 30 20 0.9 0.1
1 C_9_414 30 20 0.9 0.1
1 C_9_414 30 20 0.9 0.1
1 C_9_414 30 20 0.9 0.1
1 C_9_414 30 20 0.9 0.1
1 C_9_414 30 20 0.9 0.1
1 C_9_414 30 20 0.9 0.1
1 C_9_414 30 20 0.9 0.1
1 C_9_414 30 20 0.9 0.1
1 C_9_414 30 20 0.9 0.1
1 C_9_415 30 20 0.9 0.1
1 C_9_415 30 20 0.9 0.1
1 C_9_415 30 20 0.9 0.1
1 C_9_415 30 20 0.9 0.1
1 C_9_415 30 20 0.9 0.1
1 C_9_415 30 20 0.9 0.1
1 C_9_415 30 20 0.9 0.1
1 C_9_415 30 20 0.9 0.1
1 C_9_415 30 20 0.9 0.1
1 C_9_415 30 20 0.9 0.1
1 C_9_416 30 20 0.9 0.1
1 C_9_416 30 20 0.9 0.1
1 C_9_416 30 20 0.9 0.1
1 C_9_416 30 20 0.9 0.1
1 C_9_416 30 20 0.9 0.1
1 C_9_416 30 20 0.9 0.1
1 C_9_416 30 20 0.9 0.1
1 C_9_416 30 20 0.9 0.1
1 C_9_416 30 20 0.9 0.1
1 C_9_416 30 20 0.9 0.1
1 C_9_417 30 20 0.9 0.1
1 C_9_417 30 20 0.9 0.1
1 C_9_417 30 20 0.9 0.1
1 C_9_417 30 20 0.9 0.1
1 C_9_417 30 20 0.9 0.1
1 C_9_417 30 20 0.9 0.1
1 C_9_417 30 20 0.9 0.1
1 C_9_417 30 20 0.9 0.1
1 C_9_417 30 20 0.9 0.1
1 C_9_417 30 20 0.9 0.1
1 C_9_418 30 20 0.9 0.1
1 C_9_418 30 20 0.9 0.1
1 C_9_418 30 20 0.9 0.1
1 C_9_418 30 20 0.9 0.1
1 C_9_418 30 20 0.9 0.1
1 C_9_418 30 20 0.9 0.1
1 C_9_418 30 20 0.9 0.1
1 C_9_418 30 20 0.9 0.1
1 C_9_418 30 20 0.9 0.1
1 C_9_418 30 20 0.9 0.1
1 C_9_419 30 20 0.9 0.1
1 C_9_419 30 20 0.9 0.1
1 C_9_419 30 20 0.9 0.1
1 C_9_419 30 20 0.9 0.1
1 C_9_419 30 20 0.9 0.1
1 C_9_419 30 20 0.9 0.1
1 C_9_419 30 20 0.9 0.1
1 C_9_419 30 20 0.9 0.1
1 C_9_419 30 20 0.9 0.1
1 C_9_419 30 20 0.9 0.1
1 C_9_420 30 20 0.9 0.1
1 C_9_420 30 20 0.9 0.1
1 C_9_420 30 20 0.9 0.1
1 C_9_420 30 20 0.9 0.1
1 C_9_420 30 20 0.9 0.1
1 C_9_420 30 20 0.9 0.1
1 C_9_420 30 20 0.9 0.1
1 C_9_420 30 20 0.9 0.1
1 C_9_420 30 20 0.9 0.1
1 C_9_420 30 20 0.9 0.1