1 C_9_401 30 20 0.9 0.1
1 C_9_401 30 20 0.9 0.1
1 C_9_401 30 20 0.9 0.1
1 C_9_401 30 20 0.9 0.1
1 C_9_401 30 20 0.9 0.1
1 C_9_401 30 20 0.9 0.1
1 C_9_401 30 20 0.9 0.1
1 C_9_401 30 20 0.9 0.1
1 C_9_401 30 20 0.9 0.1
1 C_9_401 30 20 0.9 0.1
1 C_9_402 30 20 0.9 0.1
1 C_9_402 30 20 0.9 0.1
1 C_9_402 30 20 0.9 0.1
1 C_9_402 30 20 0.9 0.1
1 C_9_402 30 20 0.9 0.1
1 C_9_402 30 20 0.9 0.1
1 C_9_402 30 20 0.9 0.1
1 C_9_402 30 20 0.9 0.1
1 C_9_402 30 20 0.9 0.1
1 C_9_402 30 20 0.9 0.1
1 C_9_403 30 20 0.9 0.1
1 C_9_403 30 20 0.9 0.1
1 C_9_403 30 20 0.9 0.1
1 C_9_403 30 20 0.9 0.1
1 C_9_403 30 20 0.9 0.1
1 C_9_403 30 20 0.9 0.1
1 C_9_403 30 20 0.9 0.1
1 C_9_403 30 20 0.9 0.1
1 C_9_403 30 20 0.9 0.1
1 C_9_403 30 20 0.9 0.1
1 C_9_404 30 20 0.9 0.1
1 C_9_404 30 20 0.9 0.1
1 C_9_404 30 20 0.9 0.1
1 C_9_404 30 20 0.9 0.1
1 C_9_404 30 20 0.9 0.1
1 C_9_404 30 20 0.9 0.1
1 C_9_404 30 20 0.9 0.1
1 C_9_404 30 20 0.9 0.1
1 C_9_404 30 20 0.9 0.1
1 C_9_404 30 20 0.9 0.1
1 C_9_405 30 20 0.9 0.1
1 C_9_405 30 20 0.9 0.1
1 C_9_405 30 20 0.9 0.1
1 C_9_405 30 20 0.9 0.1
1 C_9_405 30 20 0.9 0.1
1 C_9_405 30 20 0.9 0.1
1 C_9_405 30 20 0.9 0.1
1 C_9_405 30 20 0.9 0.1
1 C_9_405 30 20 0.9 0.1
1 C_9_405 30 20 0.9 0.1
1 C_9_406 30 20 0.9 0.1
1 C_9_406 30 20 0.9 0.1
1 C_9_406 30 20 0.9 0.1
1 C_9_406 30 20 0.9 0.1
1 C_9_406 30 20 0.9 0.1
1 C_9_406 30 20 0.9 0.1
1 C_9_406 30 20 0.9 0.1
1 C_9_406 30 20 0.9 0.1
1 C_9_406 30 20 0.9 0.1
1 C_9_406 30 20 0.9 0.1
1 C_9_407 30 20 0.9 0.1
1 C_9_407 30 20 0.9 0.1
1 C_9_407 30 20 0.9 0.1
1 C_9_407 30 20 0.9 0.1
1 C_9_407 30 20 0.9 0.1
1 C_9_407 30 20 0.9 0.1
1 C_9_407 30 20 0.9 0.1
1 C_9_407 30 20 0.9 0.1
1 C_9_407 30 20 0.9 0.1
1 C_9_407 30 20 0.9 0.1
1 C_9_408 30 20 0.9 0.1
1 C_9_408 30 20 0.9 0.1
1 C_9_408 30 20 0.9 0.1
1 C_9_408 30 20 0.9 0.1
1 C_9_408 30 20 0.9 0.1
1 C_9_408 30 20 0.9 0.1
1 C_9_408 30 20 0.9 0.1
1 C_9_408 30 20 0.9 0.1
1 C_9_408 30 20 0.9 0.1
1 C_9_408 30 20 0.9 0.1
1 C_9_409 30 20 0.9 0.1
1 C_9_409 30 20 0.9 0.1
1 C_9_409 30 20 0.9 0.1
1 C_9_409 30 20 0.9 0.1
1 C_9_409 30 20 0.9 0.1
1 C_9_409 30 20 0.9 0.1
1 C_9_409 30 20 0.9 0.1
1 C_9_409 30 20 0.9 0.1
1 C_9_409 30 20 0.9 0.1
1 C_9_409 30 20 0.9 0.1
1 C_9_410 30 20 0.9 0.1
1 C_9_410 30 20 0.9 0.1
1 C_9_410 30 20 0.9 0.1
1 C_9_410 30 20 0.9 0.1
1 C_9_410 30 20 0.9 0.1
1 C_9_410 30 20 0.9 0.1
1 C_9_410 30 20 0.9 0.1
1 C_9_410 30 20 0.9 0.1
1 C_9_410 30 20 0.9 0.1
1 C_9_410 30 20 0.9 0.1
1 C_9_411 30 20 0.9 0.1
1 C_9_411 30 20 0.9 0.1
1 C_9_411 30 20 0.9 0.1
1 C_9_411 30 20 0.9 0.1
1 C_9_411 30 20 0.9 0.1
1 C_9_411 30 20 0.9 0.1
1 C_9_411 30 20 0.9 0.1
1 C_9_411 30 20 0.9 0.1
1 C_9_411 30 20 0.9 0.1
1 C_9_411 30 20 0.9 0.1
1 C_9_412 30 20 0.9 0.1
1 C_9_412 30 20 0.9 0.1
1 C_9_412 30 20 0.9 0.1
1 C_9_412 30 20 0.9 0.1
1 C_9_412 30 20 0.9 0.1
1 C_9_412 30 20 0.9 0.1
1 C_9_412 30 20 0.9 0.1
1 C_9_412 30 20 0.9 0.1
1 C_9_412 30 20 0.9 0.1
1 C_9_412 30 20 0.9 0.1
1 C_9_413 30 20 0.9 0.1
1 C_9_413 30 20 0.9 0.1
1 C_9_413 30 20 0.9 0.1
1 C_9_413 30 20 0.9 0.1
1 C_9_413 30 20 0.9 0.1
1 C_9_413 30 20 0.9 0.1
1 C_9_413 30 20 0.9 0.1
1 C_9_413 30 20 0.9 0.1
1 C_9_413 30 20 0.9 0.1
1 C_9_413 30 20 0.9 0.1
1 C_9_414 30 20 0.9 0.1
1 C_9_414 30 20 0.9 0.1
1 C_9_414 30 20 0.9 0.1
1 C_9_414 30 20 0.9 0.1
1 C_9_414 30 20 0.9 0.1
1 C_9_414 30 20 0.9 0.1
1 C_9_414 30 20 0.9 0.1
1 C_9_414 30 20 0.9 0.1
1 C_9_414 30 20 0.9 0.1
1 C_9_414 30 20 0.9 0.1
1 C_9_415 30 20 0.9 0.1
1 C_9_415 30 20 0.9 0.1
1 C_9_415 30 20 0.9 0.1
1 C_9_415 30 20 0.9 0.1
1 C_9_415 30 20 0.9 0.1
1 C_9_415 30 20 0.9 0.1
1 C_9_415 30 20 0.9 0.1
1 C_9_415 30 20 0.9 0.1
1 C_9_415 30 20 0.9 0.1
1 C_9_415 30 20 0.9 0.1
1 C_9_416 30 20 0.9 0.1
1 C_9_416 30 20 0.9 0.1
1 C_9_416 30 20 0.9 0.1
1 C_9_416 30 20 0.9 0.1
1 C_9_416 30 20 0.9 0.1
1 C_9_416 30 20 0.9 0.1
1 C_9_416 30 20 0.9 0.1
1 C_9_416 30 20 0.9 0.1
1 C_9_416 30 20 0.9 0.1
1 C_9_416 30 20 0.9 0.1
1 C_9_417 30 20 0.9 0.1
1 C_9_417 30 20 0.9 0.1
1 C_9_417 30 20 0.9 0.1
1 C_9_417 30 20 0.9 0.1
1 C_9_417 30 20 0.9 0.1
1 C_9_417 30 20 0.9 0.1
1 C_9_417 30 20 0.9 0.1
1 C_9_417 30 20 0.9 0.1
1 C_9_417 30 20 0.9 0.1
1 C_9_417 30 20 0.9 0.1
1 C_9_418 30 20 0.9 0.1
1 C_9_418 30 20 0.9 0.1
1 C_9_418 30 20 0.9 0.1
1 C_9_418 30 20 0.9 0.1
1 C_9_418 30 20 0.9 0.1
1 C_9_418 30 20 0.9 0.1
1 C_9_418 30 20 0.9 0.1
1 C_9_418 30 20 0.9 0.1
1 C_9_418 30 20 0.9 0.1
1 C_9_418 30 20 0.9 0.1
1 C_9_419 30 20 0.9 0.1
1 C_9_419 30 20 0.9 0.1
1 C_9_419 30 20 0.9 0.1
1 C_9_419 30 20 0.9 0.1
1 C_9_419 30 20 0.9 0.1
1 C_9_419 30 20 0.9 0.1
1 C_9_419 30 20 0.9 0.1
1 C_9_419 30 20 0.9 0.1
1 C_9_419 30 20 0.9 0.1
1 C_9_419 30 20 0.9 0.1
1 C_9_420 30 20 0.9 0.1
1 C_9_420 30 20 0.9 0.1
1 C_9_420 30 20 0.9 0.1
1 C_9_420 30 20 0.9 0.1
1 C_9_420 30 20 0.9 0.1
1 C_9_420 30 20 0.9 0.1
1 C_9_420 30 20 0.9 0.1
1 C_9_420 30 20 0.9 0.1
1 C_9_420 30 20 0.9 0.1
1 C_9_420 30 20 0.9 0.1
1 C_9_421 30 20 0.9 0.1
1 C_9_421 30 20 0.9 0.1
1 C_9_421 30 20 0.9 0.1
1 C_9_421 30 20 0.9 0.1
1 C_9_421 30 20 0.9 0.1
1 C_9_421 30 20 0.9 0.1
1 C_9_421 30 20 0.9 0.1
1 C_9_421 30 20 0.9 0.1
1 C_9_421 30 20 0.9 0.1
1 C_9_421 30 20 0.9 0.1
1 C_9_422 30 20 0.9 0.1
1 C_9_422 30 20 0.9 0.1
1 C_9_422 30 20 0.9 0.1
1 C_9_422 30 20 0.9 0.1
1 C_9_422 30 20 0.9 0.1
1 C_9_422 30 20 0.9 0.1
1 C_9_422 30 20 0.9 0.1
1 C_9_422 30 20 0.9 0.1
1 C_9_422 30 20 0.9 0.1
1 C_9_422 30 20 0.9 0.1
1 C_9_423 30 20 0.9 0.1
1 C_9_423 30 20 0.9 0.1
1 C_9_423 30 20 0.9 0.1
1 C_9_423 30 20 0.9 0.1
1 C_9_423 30 20 0.9 0.1
1 C_9_423 30 20 0.9 0.1
1 C_9_423 30 20 0.9 0.1
1 C_9_423 30 20 0.9 0.1
1 C_9_423 30 20 0.9 0.1
1 C_9_423 30 20 0.9 0.1
1 C_9_424 30 20 0.9 0.1
1 C_9_424 30 20 0.9 0.1
1 C_9_424 30 20 0.9 0.1
1 C_9_424 30 20 0.9 0.1
1 C_9_424 30 20 0.9 0.1
1 C_9_424 30 20 0.9 0.1
1 C_9_424 30 20 0.9 0.1
1 C_9_424 30 20 0.9 0.1
1 C_9_424 30 20 0.9 0.1
1 C_9_424 30 20 0.9 0.1
1 C_9_425 30 20 0.9 0.1
1 C_9_425 30 20 0.9 0.1
1 C_9_425 30 20 0.9 0.1
1 C_9_425 30 20 0.9 0.1
1 C_9_425 30 20 0.9 0.1
1 C_9_425 30 20 0.9 0.1
1 C_9_425 30 20 0.9 0.1
1 C_9_425 30 20 0.9 0.1
1 C_9_425 30 20 0.9 0.1
1 C_9_425 30 20 0.9 0.1
1 C_9_426 30 20 0.9 0.1
1 C_9_426 30 20 0.9 0.1
1 C_9_426 30 20 0.9 0.1
1 C_9_426 30 20 0.9 0.1
1 C_9_426 30 20 0.9 0.1
1 C_9_426 30 20 0.9 0.1
1 C_9_426 30 20 0.9 0.1
1 C_9_426 30 20 0.9 0.1
1 C_9_426 30 20 0.9 0.1
1 C_9_426 30 20 0.9 0.1
1 C_9_427 30 20 0.9 0.1
1 C_9_427 30 20 0.9 0.1
1 C_9_427 30 20 0.9 0.1
1 C_9_427 30 20 0.9 0.1
1 C_9_427 30 20 0.9 0.1
1 C_9_427 30 20 0.9 0.1
1 C_9_427 30 20 0.9 0.1
1 C_9_427 30 20 0.9 0.1
1 C_9_427 30 20 0.9 0.1
1 C_9_427 30 20 0.9 0.1
1 C_9_428 30 20 0.9 0.1
1 C_9_428 30 20 0.9 0.1
1 C_9_428 30 20 0.9 0.1
1 C_9_428 30 20 0.9 0.1
1 C_9_428 30 20 0.9 0.1
1 C_9_428 30 20 0.9 0.1
1 C_9_428 30 20 0.9 0.1
1 C_9_428 30 20 0.9 0.1
1 C_9_428 30 20 0.9 0.1
1 C_9_428 30 20 0.9 0.1
1 C_9_429 30 20 0.9 0.1
1 C_9_429 30 20 0.9 0.1
1 C_9_429 30 20 0.9 0.1
1 C_9_429 30 20 0.9 0.1
1 C_9_429 30 20 0.9 0.1
1 C_9_429 30 20 0.9 0.1
1 C_9_429 30 20 0.9 0.1
1 C_9_429 30 20 0.9 0.1
1 C_9_429 30 20 0.9 0.1
1 C_9_429 30 20 0.9 0.1
1 C_9_430 30 20 0.9 0.1
1 C_9_430 30 20 0.9 0.1
1 C_9_430 30 20 0.9 0.1
1 C_9_430 30 20 0.9 0.1
1 C_9_430 30 20 0.9 0.1
1 C_9_430 30 20 0.9 0.1
1 C_9_430 30 20 0.9 0.1
1 C_9_430 30 20 0.9 0.1
1 C_9_430 30 20 0.9 0.1
1 C_9_430 30 20 0.9 0.1
1 C_9_431 30 20 0.9 0.1
1 C_9_431 30 20 0.9 0.1
1 C_9_431 30 20 0.9 0.1
1 C_9_431 30 20 0.9 0.1
1 C_9_431 30 20 0.9 0.1
1 C_9_431 30 20 0.9 0.1
1 C_9_431 30 20 0.9 0.1
1 C_9_431 30 20 0.9 0.1
1 C_9_431 30 20 0.9 0.1
1 C_9_431 30 20 0.9 0.1
1 C_9_432 30 20 0.9 0.1
1 C_9_432 30 20 0.9 0.1
1 C_9_432 30 20 0.9 0.1
1 C_9_432 30 20 0.9 0.1
1 C_9_432 30 20 0.9 0.1
1 C_9_432 30 20 0.9 0.1
1 C_9_432 30 20 0.9 0.1
1 C_9_432 30 20 0.9 0.1
1 C_9_432 30 20 0.9 0.1
1 C_9_432 30 20 0.9 0.1
1 C_9_433 30 20 0.9 0.1
1 C_9_433 30 20 0.9 0.1
1 C_9_433 30 20 0.9 0.1
1 C_9_433 30 20 0.9 0.1
1 C_9_433 30 20 0.9 0.1
1 C_9_433 30 20 0.9 0.1
1 C_9_433 30 20 0.9 0.1
1 C_9_433 30 20 0.9 0.1
1 C_9_433 30 20 0.9 0.1
1 C_9_433 30 20 0.9 0.1
1 C_9_434 30 20 0.9 0.1
1 C_9_434 30 20 0.9 0.1
1 C_9_434 30 20 0.9 0.1
1 C_9_434 30 20 0.9 0.1
1 C_9_434 30 20 0.9 0.1
1 C_9_434 30 20 0.9 0.1
1 C_9_434 30 20 0.9 0.1
1 C_9_434 30 20 0.9 0.1
1 C_9_434 30 20 0.9 0.1
1 C_9_434 30 20 0.9 0.1
1 C_9_435 30 20 0.9 0.1
1 C_9_435 30 20 0.9 0.1
1 C_9_435 30 20 0.9 0.1
1 C_9_435 30 20 0.9 0.1
1 C_9_435 30 20 0.9 0.1
1 C_9_435 30 20 0.9 0.1
1 C_9_435 30 20 0.9 0.1
1 C_9_435 30 20 0.9 0.1
1 C_9_435 30 20 0.9 0.1
1 C_9_435 30 20 0.9 0.1
1 C_9_436 30 20 0.9 0.1
1 C_9_436 30 20 0.9 0.1
1 C_9_436 30 20 0.9 0.1
1 C_9_436 30 20 0.9 0.1
1 C_9_436 30 20 0.9 0.1
1 C_9_436 30 20 0.9 0.1
1 C_9_436 30 20 0.9 0.1
1 C_9_436 30 20 0.9 0.1
1 C_9_436 30 20 0.9 0.1
1 C_9_436 30 20 0.9 0.1
1 C_9_437 30 20 0.9 0.1
1 C_9_437 30 20 0.9 0.1
1 C_9_437 30 20 0.9 0.1
1 C_9_437 30 20 0.9 0.1
1 C_9_437 30 20 0.9 0.1
1 C_9_437 30 20 0.9 0.1
1 C_9_437 30 20 0.9 0.1
1 C_9_437 30 20 0.9 0.1
1 C_9_437 30 20 0.9 0.1
1 C_9_437 30 20 0.9 0.1
1 C_9_438 30 20 0.9 0.1
1 C_9_438 30 20 0.9 0.1
1 C_9_438 30 20 0.9 0.1
1 C_9_438 30 20 0.9 0.1
1 C_9_438 30 20 0.9 0.1
1 C_9_438 30 20 0.9 0.1
1 C_9_438 30 20 0.9 0.1
1 C_9_438 30 20 0.9 0.1
1 C_9_438 30 20 0.9 0.1
1 C_9_438 30 20 0.9 0.1
1 C_9_439 30 20 0.9 0.1
1 C_9_439 30 20 0.9 0.1
1 C_9_439 30 20 0.9 0.1
1 C_9_439 30 20 0.9 0.1
1 C_9_439 30 20 0.9 0.1
1 C_9_439 30 20 0.9 0.1
1 C_9_439 30 20 0.9 0.1
1 C_9_439 30 20 0.9 0.1
1 C_9_439 30 20 0.9 0.1
1 C_9_439 30 20 0.9 0.1
1 C_9_440 30 20 0.9 0.1
1 C_9_440 30 20 0.9 0.1
1 C_9_440 30 20 0.9 0.1
1 C_9_440 30 20 0.9 0.1
1 C_9_440 30 20 0.9 0.1
1 C_9_440 30 20 0.9 0.1
1 C_9_440 30 20 0.9 0.1
1 C_9_440 30 20 0.9 0.1
1 C_9_440 30 20 0.9 0.1
1 C_9_440 30 20 0.9 0.1
1 C_9_441 30 20 0.9 0.1
1 C_9_441 30 20 0.9 0.1
1 C_9_441 30 20 0.9 0.1
1 C_9_441 30 20 0.9 0.1
1 C_9_441 30 20 0.9 0.1
1 C_9_441 30 20 0.9 0.1
1 C_9_441 30 20 0.9 0.1
1 C_9_441 30 20 0.9 0.1
1 C_9_441 30 20 0.9 0.1
1 C_9_441 30 20 0.9 0.1
1 C_9_442 30 20 0.9 0.1
1 C_9_442 30 20 0.9 0.1
1 C_9_442 30 20 0.9 0.1
1 C_9_442 30 20 0.9 0.1
1 C_9_442 30 20 0.9 0.1
1 C_9_442 30 20 0.9 0.1
1 C_9_442 30 20 0.9 0.1
1 C_9_442 30 20 0.9 0.1
1 C_9_442 30 20 0.9 0.1
1 C_9_442 30 20 0.9 0.1
1 C_9_443 30 20 0.9 0.1
1 C_9_443 30 20 0.9 0.1
1 C_9_443 30 20 0.9 0.1
1 C_9_443 30 20 0.9 0.1
1 C_9_443 30 20 0.9 0.1
1 C_9_443 30 20 0.9 0.1
1 C_9_443 30 20 0.9 0.1
1 C_9_443 30 20 0.9 0.1
1 C_9_443 30 20 0.9 0.1
1 C_9_443 30 20 0.9 0.1
1 C_9_444 30 20 0.9 0.1
1 C_9_444 30 20 0.9 0.1
1 C_9_444 30 20 0.9 0.1
1 C_9_444 30 20 0.9 0.1
1 C_9_444 30 20 0.9 0.1
1 C_9_444 30 20 0.9 0.1
1 C_9_444 30 20 0.9 0.1
1 C_9_444 30 20 0.9 0.1
1 C_9_444 30 20 0.9 0.1
1 C_9_444 30 20 0.9 0.1
1 C_9_445 30 20 0.9 0.1
1 C_9_445 30 20 0.9 0.1
1 C_9_445 30 20 0.9 0.1
1 C_9_445 30 20 0.9 0.1
1 C_9_445 30 20 0.9 0.1
1 C_9_445 30 20 0.9 0.1
1 C_9_445 30 20 0.9 0.1
1 C_9_445 30 20 0.9 0.1
1 C_9_445 30 20 0.9 0.1
1 C_9_445 30 20 0.9 0.1
1 C_9_446 30 20 0.9 0.1
1 C_9_446 30 20 0.9 0.1
1 C_9_446 30 20 0.9 0.1
1 C_9_446 30 20 0.9 0.1
1 C_9_446 30 20 0.9 0.1
1 C_9_446 30 20 0.9 0.1
1 C_9_446 30 20 0.9 0.1
1 C_9_446 30 20 0.9 0.1
1 C_9_446 30 20 0.9 0.1
1 C_9_446 30 20 0.9 0.1
1 C_9_447 30 20 0.9 0.1
1 C_9_447 30 20 0.9 0.1
1 C_9_447 30 20 0.9 0.1
1 C_9_447 30 20 0.9 0.1
1 C_9_447 30 20 0.9 0.1
1 C_9_447 30 20 0.9 0.1
1 C_9_447 30 20 0.9 0.1
1 C_9_447 30 20 0.9 0.1
1 C_9_447 30 20 0.9 0.1
1 C_9_447 30 20 0.9 0.1
1 C_9_448 30 20 0.9 0.1
1 C_9_448 30 20 0.9 0.1
1 C_9_448 30 20 0.9 0.1
1 C_9_448 30 20 0.9 0.1
1 C_9_448 30 20 0.9 0.1
1 C_9_448 30 20 0.9 0.1
1 C_9_448 30 20 0.9 0.1
1 C_9_448 30 20 0.9 0.1
1 C_9_448 30 20 0.9 0.1
1 C_9_448 30 20 0.9 0.1
1 C_9_449 30 20 0.9 0.1
1 C_9_449 30 20 0.9 0.1
1 C_9_449 30 20 0.9 0.1
1 C_9_449 30 20 0.9 0.1
1 C_9_449 30 20 0.9 0.1
1 C_9_449 30 20 0.9 0.1
1 C_9_449 30 20 0.9 0.1
1 C_9_449 30 20 0.9 0.1
1 C_9_449 30 20 0.9 0.1
1 C_9_449 30 20 0.9 0.1
1 C_9_450 30 20 0.9 0.1
1 C_9_450 30 20 0.9 0.1
1 C_9_450 30 20 0.9 0.1
1 C_9_450 30 20 0.9 0.1
1 C_9_450 30 20 0.9 0.1
1 C_9_450 30 20 0.9 0.1
1 C_9_450 30 20 0.9 0.1
1 C_9_450 30 20 0.9 0.1
1 C_9_450 30 20 0.9 0.1
1 C_9_450 30 20 0.9 0.1