1 C_10_461 30 20 0.9 0.1
1 C_10_461 30 20 0.9 0.1
1 C_10_461 30 20 0.9 0.1
1 C_10_461 30 20 0.9 0.1
1 C_10_461 30 20 0.9 0.1
1 C_10_461 30 20 0.9 0.1
1 C_10_461 30 20 0.9 0.1
1 C_10_461 30 20 0.9 0.1
1 C_10_461 30 20 0.9 0.1
1 C_10_461 30 20 0.9 0.1
1 C_10_462 30 20 0.9 0.1
1 C_10_462 30 20 0.9 0.1
1 C_10_462 30 20 0.9 0.1
1 C_10_462 30 20 0.9 0.1
1 C_10_462 30 20 0.9 0.1
1 C_10_462 30 20 0.9 0.1
1 C_10_462 30 20 0.9 0.1
1 C_10_462 30 20 0.9 0.1
1 C_10_462 30 20 0.9 0.1
1 C_10_462 30 20 0.9 0.1
1 C_10_463 30 20 0.9 0.1
1 C_10_463 30 20 0.9 0.1
1 C_10_463 30 20 0.9 0.1
1 C_10_463 30 20 0.9 0.1
1 C_10_463 30 20 0.9 0.1
1 C_10_463 30 20 0.9 0.1
1 C_10_463 30 20 0.9 0.1
1 C_10_463 30 20 0.9 0.1
1 C_10_463 30 20 0.9 0.1
1 C_10_463 30 20 0.9 0.1
1 C_10_464 30 20 0.9 0.1
1 C_10_464 30 20 0.9 0.1
1 C_10_464 30 20 0.9 0.1
1 C_10_464 30 20 0.9 0.1
1 C_10_464 30 20 0.9 0.1
1 C_10_464 30 20 0.9 0.1
1 C_10_464 30 20 0.9 0.1
1 C_10_464 30 20 0.9 0.1
1 C_10_464 30 20 0.9 0.1
1 C_10_464 30 20 0.9 0.1
1 C_10_465 30 20 0.9 0.1
1 C_10_465 30 20 0.9 0.1
1 C_10_465 30 20 0.9 0.1
1 C_10_465 30 20 0.9 0.1
1 C_10_465 30 20 0.9 0.1
1 C_10_465 30 20 0.9 0.1
1 C_10_465 30 20 0.9 0.1
1 C_10_465 30 20 0.9 0.1
1 C_10_465 30 20 0.9 0.1
1 C_10_465 30 20 0.9 0.1
1 C_10_466 30 20 0.9 0.1
1 C_10_466 30 20 0.9 0.1
1 C_10_466 30 20 0.9 0.1
1 C_10_466 30 20 0.9 0.1
1 C_10_466 30 20 0.9 0.1
1 C_10_466 30 20 0.9 0.1
1 C_10_466 30 20 0.9 0.1
1 C_10_466 30 20 0.9 0.1
1 C_10_466 30 20 0.9 0.1
1 C_10_466 30 20 0.9 0.1
1 C_10_467 30 20 0.9 0.1
1 C_10_467 30 20 0.9 0.1
1 C_10_467 30 20 0.9 0.1
1 C_10_467 30 20 0.9 0.1
1 C_10_467 30 20 0.9 0.1
1 C_10_467 30 20 0.9 0.1
1 C_10_467 30 20 0.9 0.1
1 C_10_467 30 20 0.9 0.1
1 C_10_467 30 20 0.9 0.1
1 C_10_467 30 20 0.9 0.1
1 C_10_468 30 20 0.9 0.1
1 C_10_468 30 20 0.9 0.1
1 C_10_468 30 20 0.9 0.1
1 C_10_468 30 20 0.9 0.1
1 C_10_468 30 20 0.9 0.1
1 C_10_468 30 20 0.9 0.1
1 C_10_468 30 20 0.9 0.1
1 C_10_468 30 20 0.9 0.1
1 C_10_468 30 20 0.9 0.1
1 C_10_468 30 20 0.9 0.1
1 C_10_469 30 20 0.9 0.1
1 C_10_469 30 20 0.9 0.1
1 C_10_469 30 20 0.9 0.1
1 C_10_469 30 20 0.9 0.1
1 C_10_469 30 20 0.9 0.1
1 C_10_469 30 20 0.9 0.1
1 C_10_469 30 20 0.9 0.1
1 C_10_469 30 20 0.9 0.1
1 C_10_469 30 20 0.9 0.1
1 C_10_469 30 20 0.9 0.1
1 C_10_470 30 20 0.9 0.1
1 C_10_470 30 20 0.9 0.1
1 C_10_470 30 20 0.9 0.1
1 C_10_470 30 20 0.9 0.1
1 C_10_470 30 20 0.9 0.1
1 C_10_470 30 20 0.9 0.1
1 C_10_470 30 20 0.9 0.1
1 C_10_470 30 20 0.9 0.1
1 C_10_470 30 20 0.9 0.1
1 C_10_470 30 20 0.9 0.1