1 C_10_471 30 20 0.9 0.1
1 C_10_471 30 20 0.9 0.1
1 C_10_471 30 20 0.9 0.1
1 C_10_471 30 20 0.9 0.1
1 C_10_471 30 20 0.9 0.1
1 C_10_471 30 20 0.9 0.1
1 C_10_471 30 20 0.9 0.1
1 C_10_471 30 20 0.9 0.1
1 C_10_471 30 20 0.9 0.1
1 C_10_471 30 20 0.9 0.1
1 C_10_472 30 20 0.9 0.1
1 C_10_472 30 20 0.9 0.1
1 C_10_472 30 20 0.9 0.1
1 C_10_472 30 20 0.9 0.1
1 C_10_472 30 20 0.9 0.1
1 C_10_472 30 20 0.9 0.1
1 C_10_472 30 20 0.9 0.1
1 C_10_472 30 20 0.9 0.1
1 C_10_472 30 20 0.9 0.1
1 C_10_472 30 20 0.9 0.1
1 C_10_473 30 20 0.9 0.1
1 C_10_473 30 20 0.9 0.1
1 C_10_473 30 20 0.9 0.1
1 C_10_473 30 20 0.9 0.1
1 C_10_473 30 20 0.9 0.1
1 C_10_473 30 20 0.9 0.1
1 C_10_473 30 20 0.9 0.1
1 C_10_473 30 20 0.9 0.1
1 C_10_473 30 20 0.9 0.1
1 C_10_473 30 20 0.9 0.1
1 C_10_474 30 20 0.9 0.1
1 C_10_474 30 20 0.9 0.1
1 C_10_474 30 20 0.9 0.1
1 C_10_474 30 20 0.9 0.1
1 C_10_474 30 20 0.9 0.1
1 C_10_474 30 20 0.9 0.1
1 C_10_474 30 20 0.9 0.1
1 C_10_474 30 20 0.9 0.1
1 C_10_474 30 20 0.9 0.1
1 C_10_474 30 20 0.9 0.1
1 C_10_475 30 20 0.9 0.1
1 C_10_475 30 20 0.9 0.1
1 C_10_475 30 20 0.9 0.1
1 C_10_475 30 20 0.9 0.1
1 C_10_475 30 20 0.9 0.1
1 C_10_475 30 20 0.9 0.1
1 C_10_475 30 20 0.9 0.1
1 C_10_475 30 20 0.9 0.1
1 C_10_475 30 20 0.9 0.1
1 C_10_475 30 20 0.9 0.1
1 C_10_476 30 20 0.9 0.1
1 C_10_476 30 20 0.9 0.1
1 C_10_476 30 20 0.9 0.1
1 C_10_476 30 20 0.9 0.1
1 C_10_476 30 20 0.9 0.1
1 C_10_476 30 20 0.9 0.1
1 C_10_476 30 20 0.9 0.1
1 C_10_476 30 20 0.9 0.1
1 C_10_476 30 20 0.9 0.1
1 C_10_476 30 20 0.9 0.1
1 C_10_477 30 20 0.9 0.1
1 C_10_477 30 20 0.9 0.1
1 C_10_477 30 20 0.9 0.1
1 C_10_477 30 20 0.9 0.1
1 C_10_477 30 20 0.9 0.1
1 C_10_477 30 20 0.9 0.1
1 C_10_477 30 20 0.9 0.1
1 C_10_477 30 20 0.9 0.1
1 C_10_477 30 20 0.9 0.1
1 C_10_477 30 20 0.9 0.1
1 C_10_478 30 20 0.9 0.1
1 C_10_478 30 20 0.9 0.1
1 C_10_478 30 20 0.9 0.1
1 C_10_478 30 20 0.9 0.1
1 C_10_478 30 20 0.9 0.1
1 C_10_478 30 20 0.9 0.1
1 C_10_478 30 20 0.9 0.1
1 C_10_478 30 20 0.9 0.1
1 C_10_478 30 20 0.9 0.1
1 C_10_478 30 20 0.9 0.1
1 C_10_479 30 20 0.9 0.1
1 C_10_479 30 20 0.9 0.1
1 C_10_479 30 20 0.9 0.1
1 C_10_479 30 20 0.9 0.1
1 C_10_479 30 20 0.9 0.1
1 C_10_479 30 20 0.9 0.1
1 C_10_479 30 20 0.9 0.1
1 C_10_479 30 20 0.9 0.1
1 C_10_479 30 20 0.9 0.1
1 C_10_479 30 20 0.9 0.1
1 C_10_480 30 20 0.9 0.1
1 C_10_480 30 20 0.9 0.1
1 C_10_480 30 20 0.9 0.1
1 C_10_480 30 20 0.9 0.1
1 C_10_480 30 20 0.9 0.1
1 C_10_480 30 20 0.9 0.1
1 C_10_480 30 20 0.9 0.1
1 C_10_480 30 20 0.9 0.1
1 C_10_480 30 20 0.9 0.1
1 C_10_480 30 20 0.9 0.1
1 C_10_481 30 20 0.9 0.1
1 C_10_481 30 20 0.9 0.1
1 C_10_481 30 20 0.9 0.1
1 C_10_481 30 20 0.9 0.1
1 C_10_481 30 20 0.9 0.1
1 C_10_481 30 20 0.9 0.1
1 C_10_481 30 20 0.9 0.1
1 C_10_481 30 20 0.9 0.1
1 C_10_481 30 20 0.9 0.1
1 C_10_481 30 20 0.9 0.1
1 C_10_482 30 20 0.9 0.1
1 C_10_482 30 20 0.9 0.1
1 C_10_482 30 20 0.9 0.1
1 C_10_482 30 20 0.9 0.1
1 C_10_482 30 20 0.9 0.1
1 C_10_482 30 20 0.9 0.1
1 C_10_482 30 20 0.9 0.1
1 C_10_482 30 20 0.9 0.1
1 C_10_482 30 20 0.9 0.1
1 C_10_482 30 20 0.9 0.1
1 C_10_483 30 20 0.9 0.1
1 C_10_483 30 20 0.9 0.1
1 C_10_483 30 20 0.9 0.1
1 C_10_483 30 20 0.9 0.1
1 C_10_483 30 20 0.9 0.1
1 C_10_483 30 20 0.9 0.1
1 C_10_483 30 20 0.9 0.1
1 C_10_483 30 20 0.9 0.1
1 C_10_483 30 20 0.9 0.1
1 C_10_483 30 20 0.9 0.1
1 C_10_484 30 20 0.9 0.1
1 C_10_484 30 20 0.9 0.1
1 C_10_484 30 20 0.9 0.1
1 C_10_484 30 20 0.9 0.1
1 C_10_484 30 20 0.9 0.1
1 C_10_484 30 20 0.9 0.1
1 C_10_484 30 20 0.9 0.1
1 C_10_484 30 20 0.9 0.1
1 C_10_484 30 20 0.9 0.1
1 C_10_484 30 20 0.9 0.1
1 C_10_485 30 20 0.9 0.1
1 C_10_485 30 20 0.9 0.1
1 C_10_485 30 20 0.9 0.1
1 C_10_485 30 20 0.9 0.1
1 C_10_485 30 20 0.9 0.1
1 C_10_485 30 20 0.9 0.1
1 C_10_485 30 20 0.9 0.1
1 C_10_485 30 20 0.9 0.1
1 C_10_485 30 20 0.9 0.1
1 C_10_485 30 20 0.9 0.1
1 C_10_486 30 20 0.9 0.1
1 C_10_486 30 20 0.9 0.1
1 C_10_486 30 20 0.9 0.1
1 C_10_486 30 20 0.9 0.1
1 C_10_486 30 20 0.9 0.1
1 C_10_486 30 20 0.9 0.1
1 C_10_486 30 20 0.9 0.1
1 C_10_486 30 20 0.9 0.1
1 C_10_486 30 20 0.9 0.1
1 C_10_486 30 20 0.9 0.1
1 C_10_487 30 20 0.9 0.1
1 C_10_487 30 20 0.9 0.1
1 C_10_487 30 20 0.9 0.1
1 C_10_487 30 20 0.9 0.1
1 C_10_487 30 20 0.9 0.1
1 C_10_487 30 20 0.9 0.1
1 C_10_487 30 20 0.9 0.1
1 C_10_487 30 20 0.9 0.1
1 C_10_487 30 20 0.9 0.1
1 C_10_487 30 20 0.9 0.1
1 C_10_488 30 20 0.9 0.1
1 C_10_488 30 20 0.9 0.1
1 C_10_488 30 20 0.9 0.1
1 C_10_488 30 20 0.9 0.1
1 C_10_488 30 20 0.9 0.1
1 C_10_488 30 20 0.9 0.1
1 C_10_488 30 20 0.9 0.1
1 C_10_488 30 20 0.9 0.1
1 C_10_488 30 20 0.9 0.1
1 C_10_488 30 20 0.9 0.1
1 C_10_489 30 20 0.9 0.1
1 C_10_489 30 20 0.9 0.1
1 C_10_489 30 20 0.9 0.1
1 C_10_489 30 20 0.9 0.1
1 C_10_489 30 20 0.9 0.1
1 C_10_489 30 20 0.9 0.1
1 C_10_489 30 20 0.9 0.1
1 C_10_489 30 20 0.9 0.1
1 C_10_489 30 20 0.9 0.1
1 C_10_489 30 20 0.9 0.1
1 C_10_490 30 20 0.9 0.1
1 C_10_490 30 20 0.9 0.1
1 C_10_490 30 20 0.9 0.1
1 C_10_490 30 20 0.9 0.1
1 C_10_490 30 20 0.9 0.1
1 C_10_490 30 20 0.9 0.1
1 C_10_490 30 20 0.9 0.1
1 C_10_490 30 20 0.9 0.1
1 C_10_490 30 20 0.9 0.1
1 C_10_490 30 20 0.9 0.1
1 C_10_491 30 20 0.9 0.1
1 C_10_491 30 20 0.9 0.1
1 C_10_491 30 20 0.9 0.1
1 C_10_491 30 20 0.9 0.1
1 C_10_491 30 20 0.9 0.1
1 C_10_491 30 20 0.9 0.1
1 C_10_491 30 20 0.9 0.1
1 C_10_491 30 20 0.9 0.1
1 C_10_491 30 20 0.9 0.1
1 C_10_491 30 20 0.9 0.1
1 C_10_492 30 20 0.9 0.1
1 C_10_492 30 20 0.9 0.1
1 C_10_492 30 20 0.9 0.1
1 C_10_492 30 20 0.9 0.1
1 C_10_492 30 20 0.9 0.1
1 C_10_492 30 20 0.9 0.1
1 C_10_492 30 20 0.9 0.1
1 C_10_492 30 20 0.9 0.1
1 C_10_492 30 20 0.9 0.1
1 C_10_492 30 20 0.9 0.1
1 C_10_493 30 20 0.9 0.1
1 C_10_493 30 20 0.9 0.1
1 C_10_493 30 20 0.9 0.1
1 C_10_493 30 20 0.9 0.1
1 C_10_493 30 20 0.9 0.1
1 C_10_493 30 20 0.9 0.1
1 C_10_493 30 20 0.9 0.1
1 C_10_493 30 20 0.9 0.1
1 C_10_493 30 20 0.9 0.1
1 C_10_493 30 20 0.9 0.1
1 C_10_494 30 20 0.9 0.1
1 C_10_494 30 20 0.9 0.1
1 C_10_494 30 20 0.9 0.1
1 C_10_494 30 20 0.9 0.1
1 C_10_494 30 20 0.9 0.1
1 C_10_494 30 20 0.9 0.1
1 C_10_494 30 20 0.9 0.1
1 C_10_494 30 20 0.9 0.1
1 C_10_494 30 20 0.9 0.1
1 C_10_494 30 20 0.9 0.1
1 C_10_495 30 20 0.9 0.1
1 C_10_495 30 20 0.9 0.1
1 C_10_495 30 20 0.9 0.1
1 C_10_495 30 20 0.9 0.1
1 C_10_495 30 20 0.9 0.1
1 C_10_495 30 20 0.9 0.1
1 C_10_495 30 20 0.9 0.1
1 C_10_495 30 20 0.9 0.1
1 C_10_495 30 20 0.9 0.1
1 C_10_495 30 20 0.9 0.1
1 C_10_496 30 20 0.9 0.1
1 C_10_496 30 20 0.9 0.1
1 C_10_496 30 20 0.9 0.1
1 C_10_496 30 20 0.9 0.1
1 C_10_496 30 20 0.9 0.1
1 C_10_496 30 20 0.9 0.1
1 C_10_496 30 20 0.9 0.1
1 C_10_496 30 20 0.9 0.1
1 C_10_496 30 20 0.9 0.1
1 C_10_496 30 20 0.9 0.1
1 C_10_497 30 20 0.9 0.1
1 C_10_497 30 20 0.9 0.1
1 C_10_497 30 20 0.9 0.1
1 C_10_497 30 20 0.9 0.1
1 C_10_497 30 20 0.9 0.1
1 C_10_497 30 20 0.9 0.1
1 C_10_497 30 20 0.9 0.1
1 C_10_497 30 20 0.9 0.1
1 C_10_497 30 20 0.9 0.1
1 C_10_497 30 20 0.9 0.1
1 C_10_498 30 20 0.9 0.1
1 C_10_498 30 20 0.9 0.1
1 C_10_498 30 20 0.9 0.1
1 C_10_498 30 20 0.9 0.1
1 C_10_498 30 20 0.9 0.1
1 C_10_498 30 20 0.9 0.1
1 C_10_498 30 20 0.9 0.1
1 C_10_498 30 20 0.9 0.1
1 C_10_498 30 20 0.9 0.1
1 C_10_498 30 20 0.9 0.1
1 C_10_499 30 20 0.9 0.1
1 C_10_499 30 20 0.9 0.1
1 C_10_499 30 20 0.9 0.1
1 C_10_499 30 20 0.9 0.1
1 C_10_499 30 20 0.9 0.1
1 C_10_499 30 20 0.9 0.1
1 C_10_499 30 20 0.9 0.1
1 C_10_499 30 20 0.9 0.1
1 C_10_499 30 20 0.9 0.1
1 C_10_499 30 20 0.9 0.1
1 C_10_500 30 20 0.9 0.1
1 C_10_500 30 20 0.9 0.1
1 C_10_500 30 20 0.9 0.1
1 C_10_500 30 20 0.9 0.1
1 C_10_500 30 20 0.9 0.1
1 C_10_500 30 20 0.9 0.1
1 C_10_500 30 20 0.9 0.1
1 C_10_500 30 20 0.9 0.1
1 C_10_500 30 20 0.9 0.1
1 C_10_500 30 20 0.9 0.1