1 C_10_451 30 20 0.9 0.1
1 C_10_451 30 20 0.9 0.1
1 C_10_451 30 20 0.9 0.1
1 C_10_451 30 20 0.9 0.1
1 C_10_451 30 20 0.9 0.1
1 C_10_451 30 20 0.9 0.1
1 C_10_451 30 20 0.9 0.1
1 C_10_451 30 20 0.9 0.1
1 C_10_451 30 20 0.9 0.1
1 C_10_451 30 20 0.9 0.1
1 C_10_452 30 20 0.9 0.1
1 C_10_452 30 20 0.9 0.1
1 C_10_452 30 20 0.9 0.1
1 C_10_452 30 20 0.9 0.1
1 C_10_452 30 20 0.9 0.1
1 C_10_452 30 20 0.9 0.1
1 C_10_452 30 20 0.9 0.1
1 C_10_452 30 20 0.9 0.1
1 C_10_452 30 20 0.9 0.1
1 C_10_452 30 20 0.9 0.1
1 C_10_453 30 20 0.9 0.1
1 C_10_453 30 20 0.9 0.1
1 C_10_453 30 20 0.9 0.1
1 C_10_453 30 20 0.9 0.1
1 C_10_453 30 20 0.9 0.1
1 C_10_453 30 20 0.9 0.1
1 C_10_453 30 20 0.9 0.1
1 C_10_453 30 20 0.9 0.1
1 C_10_453 30 20 0.9 0.1
1 C_10_453 30 20 0.9 0.1
1 C_10_454 30 20 0.9 0.1
1 C_10_454 30 20 0.9 0.1
1 C_10_454 30 20 0.9 0.1
1 C_10_454 30 20 0.9 0.1
1 C_10_454 30 20 0.9 0.1
1 C_10_454 30 20 0.9 0.1
1 C_10_454 30 20 0.9 0.1
1 C_10_454 30 20 0.9 0.1
1 C_10_454 30 20 0.9 0.1
1 C_10_454 30 20 0.9 0.1
1 C_10_455 30 20 0.9 0.1
1 C_10_455 30 20 0.9 0.1
1 C_10_455 30 20 0.9 0.1
1 C_10_455 30 20 0.9 0.1
1 C_10_455 30 20 0.9 0.1
1 C_10_455 30 20 0.9 0.1
1 C_10_455 30 20 0.9 0.1
1 C_10_455 30 20 0.9 0.1
1 C_10_455 30 20 0.9 0.1
1 C_10_455 30 20 0.9 0.1
1 C_10_456 30 20 0.9 0.1
1 C_10_456 30 20 0.9 0.1
1 C_10_456 30 20 0.9 0.1
1 C_10_456 30 20 0.9 0.1
1 C_10_456 30 20 0.9 0.1
1 C_10_456 30 20 0.9 0.1
1 C_10_456 30 20 0.9 0.1
1 C_10_456 30 20 0.9 0.1
1 C_10_456 30 20 0.9 0.1
1 C_10_456 30 20 0.9 0.1
1 C_10_457 30 20 0.9 0.1
1 C_10_457 30 20 0.9 0.1
1 C_10_457 30 20 0.9 0.1
1 C_10_457 30 20 0.9 0.1
1 C_10_457 30 20 0.9 0.1
1 C_10_457 30 20 0.9 0.1
1 C_10_457 30 20 0.9 0.1
1 C_10_457 30 20 0.9 0.1
1 C_10_457 30 20 0.9 0.1
1 C_10_457 30 20 0.9 0.1
1 C_10_458 30 20 0.9 0.1
1 C_10_458 30 20 0.9 0.1
1 C_10_458 30 20 0.9 0.1
1 C_10_458 30 20 0.9 0.1
1 C_10_458 30 20 0.9 0.1
1 C_10_458 30 20 0.9 0.1
1 C_10_458 30 20 0.9 0.1
1 C_10_458 30 20 0.9 0.1
1 C_10_458 30 20 0.9 0.1
1 C_10_458 30 20 0.9 0.1
1 C_10_459 30 20 0.9 0.1
1 C_10_459 30 20 0.9 0.1
1 C_10_459 30 20 0.9 0.1
1 C_10_459 30 20 0.9 0.1
1 C_10_459 30 20 0.9 0.1
1 C_10_459 30 20 0.9 0.1
1 C_10_459 30 20 0.9 0.1
1 C_10_459 30 20 0.9 0.1
1 C_10_459 30 20 0.9 0.1
1 C_10_459 30 20 0.9 0.1
1 C_10_460 30 20 0.9 0.1
1 C_10_460 30 20 0.9 0.1
1 C_10_460 30 20 0.9 0.1
1 C_10_460 30 20 0.9 0.1
1 C_10_460 30 20 0.9 0.1
1 C_10_460 30 20 0.9 0.1
1 C_10_460 30 20 0.9 0.1
1 C_10_460 30 20 0.9 0.1
1 C_10_460 30 20 0.9 0.1
1 C_10_460 30 20 0.9 0.1