1 c9.txt 30 20 0.9 0.1
1 c9.txt 30 20 0.9 0.1
1 c9.txt 30 20 0.9 0.1
1 c9.txt 30 20 0.9 0.1
1 c9.txt 30 20 0.9 0.1
1 c9.txt 30 20 0.9 0.1
1 c9.txt 30 20 0.9 0.1
1 c9.txt 30 20 0.9 0.1
1 c9.txt 30 20 0.9 0.1
1 c9.txt 30 20 0.9 0.1
1 c10.txt 30 20 0.9 0.1
1 c10.txt 30 20 0.9 0.1
1 c10.txt 30 20 0.9 0.1
1 c10.txt 30 20 0.9 0.1
1 c10.txt 30 20 0.9 0.1
1 c10.txt 30 20 0.9 0.1
1 c10.txt 30 20 0.9 0.1
1 c10.txt 30 20 0.9 0.1
1 c10.txt 30 20 0.9 0.1
1 c10.txt 30 20 0.9 0.1
1 c11.txt 30 20 0.9 0.1
1 c11.txt 30 20 0.9 0.1
1 c11.txt 30 20 0.9 0.1
1 c11.txt 30 20 0.9 0.1
1 c11.txt 30 20 0.9 0.1
1 c11.txt 30 20 0.9 0.1
1 c11.txt 30 20 0.9 0.1
1 c11.txt 30 20 0.9 0.1
1 c11.txt 30 20 0.9 0.1
1 c11.txt 30 20 0.9 0.1
1 c12.txt 30 20 0.9 0.1
1 c12.txt 30 20 0.9 0.1
1 c12.txt 30 20 0.9 0.1
1 c12.txt 30 20 0.9 0.1
1 c12.txt 30 20 0.9 0.1
1 c12.txt 30 20 0.9 0.1
1 c12.txt 30 20 0.9 0.1
1 c12.txt 30 20 0.9 0.1
1 c12.txt 30 20 0.9 0.1
1 c12.txt 30 20 0.9 0.1
1 c13.txt 30 20 0.9 0.1
1 c13.txt 30 20 0.9 0.1
1 c13.txt 30 20 0.9 0.1
1 c13.txt 30 20 0.9 0.1
1 c13.txt 30 20 0.9 0.1
1 c13.txt 30 20 0.9 0.1
1 c13.txt 30 20 0.9 0.1
1 c13.txt 30 20 0.9 0.1
1 c13.txt 30 20 0.9 0.1
1 c13.txt 30 20 0.9 0.1
1 c14.txt 30 20 0.9 0.1
1 c14.txt 30 20 0.9 0.1
1 c14.txt 30 20 0.9 0.1
1 c14.txt 30 20 0.9 0.1
1 c14.txt 30 20 0.9 0.1
1 c14.txt 30 20 0.9 0.1
1 c14.txt 30 20 0.9 0.1
1 c14.txt 30 20 0.9 0.1
1 c14.txt 30 20 0.9 0.1
1 c14.txt 30 20 0.9 0.1
1 c15.txt 30 20 0.9 0.1
1 c15.txt 30 20 0.9 0.1
1 c15.txt 30 20 0.9 0.1
1 c15.txt 30 20 0.9 0.1
1 c15.txt 30 20 0.9 0.1
1 c15.txt 30 20 0.9 0.1
1 c15.txt 30 20 0.9 0.1
1 c15.txt 30 20 0.9 0.1
1 c15.txt 30 20 0.9 0.1
1 c15.txt 30 20 0.9 0.1
1 c16.txt 30 20 0.9 0.1
1 c16.txt 30 20 0.9 0.1
1 c16.txt 30 20 0.9 0.1
1 c16.txt 30 20 0.9 0.1
1 c16.txt 30 20 0.9 0.1
1 c16.txt 30 20 0.9 0.1
1 c16.txt 30 20 0.9 0.1
1 c16.txt 30 20 0.9 0.1
1 c16.txt 30 20 0.9 0.1
1 c16.txt 30 20 0.9 0.1
1 c17.txt 30 20 0.9 0.1
1 c17.txt 30 20 0.9 0.1
1 c17.txt 30 20 0.9 0.1
1 c17.txt 30 20 0.9 0.1
1 c17.txt 30 20 0.9 0.1
1 c17.txt 30 20 0.9 0.1
1 c17.txt 30 20 0.9 0.1
1 c17.txt 30 20 0.9 0.1
1 c17.txt 30 20 0.9 0.1
1 c17.txt 30 20 0.9 0.1
1 c18.txt 30 20 0.9 0.1
1 c18.txt 30 20 0.9 0.1
1 c18.txt 30 20 0.9 0.1
1 c18.txt 30 20 0.9 0.1
1 c18.txt 30 20 0.9 0.1
1 c18.txt 30 20 0.9 0.1
1 c18.txt 30 20 0.9 0.1
1 c18.txt 30 20 0.9 0.1
1 c18.txt 30 20 0.9 0.1
1 c18.txt 30 20 0.9 0.1
1 c19.txt 30 20 0.9 0.1
1 c19.txt 30 20 0.9 0.1
1 c19.txt 30 20 0.9 0.1
1 c19.txt 30 20 0.9 0.1
1 c19.txt 30 20 0.9 0.1
1 c19.txt 30 20 0.9 0.1
1 c19.txt 30 20 0.9 0.1
1 c19.txt 30 20 0.9 0.1
1 c19.txt 30 20 0.9 0.1
1 c19.txt 30 20 0.9 0.1
1 c20.txt 30 20 0.9 0.1
1 c20.txt 30 20 0.9 0.1
1 c20.txt 30 20 0.9 0.1
1 c20.txt 30 20 0.9 0.1
1 c20.txt 30 20 0.9 0.1
1 c20.txt 30 20 0.9 0.1
1 c20.txt 30 20 0.9 0.1
1 c20.txt 30 20 0.9 0.1
1 c20.txt 30 20 0.9 0.1
1 c20.txt 30 20 0.9 0.1
1 c21.txt 30 20 0.9 0.1
1 c21.txt 30 20 0.9 0.1
1 c21.txt 30 20 0.9 0.1
1 c21.txt 30 20 0.9 0.1
1 c21.txt 30 20 0.9 0.1
1 c21.txt 30 20 0.9 0.1
1 c21.txt 30 20 0.9 0.1
1 c21.txt 30 20 0.9 0.1
1 c21.txt 30 20 0.9 0.1
1 c21.txt 30 20 0.9 0.1