1 SP/n1.txt 30 20 0.9 0.1
1 SP/n1.txt 30 20 0.9 0.1
1 SP/n1.txt 30 20 0.9 0.1
1 SP/n1.txt 30 20 0.9 0.1
1 SP/n1.txt 30 20 0.9 0.1
1 SP/n1.txt 30 20 0.9 0.1
1 SP/n1.txt 30 20 0.9 0.1
1 SP/n1.txt 30 20 0.9 0.1
1 SP/n1.txt 30 20 0.9 0.1
1 SP/n1.txt 30 20 0.9 0.1
1 SP/n2.txt 30 20 0.9 0.1
1 SP/n2.txt 30 20 0.9 0.1
1 SP/n2.txt 30 20 0.9 0.1
1 SP/n2.txt 30 20 0.9 0.1
1 SP/n2.txt 30 20 0.9 0.1
1 SP/n2.txt 30 20 0.9 0.1
1 SP/n2.txt 30 20 0.9 0.1
1 SP/n2.txt 30 20 0.9 0.1
1 SP/n2.txt 30 20 0.9 0.1
1 SP/n2.txt 30 20 0.9 0.1
1 SP/n3.txt 30 20 0.9 0.1
1 SP/n3.txt 30 20 0.9 0.1
1 SP/n3.txt 30 20 0.9 0.1
1 SP/n3.txt 30 20 0.9 0.1
1 SP/n3.txt 30 20 0.9 0.1
1 SP/n3.txt 30 20 0.9 0.1
1 SP/n3.txt 30 20 0.9 0.1
1 SP/n3.txt 30 20 0.9 0.1
1 SP/n3.txt 30 20 0.9 0.1
1 SP/n3.txt 30 20 0.9 0.1
1 SP/n4.txt 30 20 0.9 0.1
1 SP/n4.txt 30 20 0.9 0.1
1 SP/n4.txt 30 20 0.9 0.1
1 SP/n4.txt 30 20 0.9 0.1
1 SP/n4.txt 30 20 0.9 0.1
1 SP/n4.txt 30 20 0.9 0.1
1 SP/n4.txt 30 20 0.9 0.1
1 SP/n4.txt 30 20 0.9 0.1
1 SP/n4.txt 30 20 0.9 0.1
1 SP/n4.txt 30 20 0.9 0.1
1 SP/n5.txt 30 20 0.9 0.1
1 SP/n5.txt 30 20 0.9 0.1
1 SP/n5.txt 30 20 0.9 0.1
1 SP/n5.txt 30 20 0.9 0.1
1 SP/n5.txt 30 20 0.9 0.1
1 SP/n5.txt 30 20 0.9 0.1
1 SP/n5.txt 30 20 0.9 0.1
1 SP/n5.txt 30 20 0.9 0.1
1 SP/n5.txt 30 20 0.9 0.1
1 SP/n5.txt 30 20 0.9 0.1
1 SP/n6.txt 30 20 0.9 0.1
1 SP/n6.txt 30 20 0.9 0.1
1 SP/n6.txt 30 20 0.9 0.1
1 SP/n6.txt 30 20 0.9 0.1
1 SP/n6.txt 30 20 0.9 0.1
1 SP/n6.txt 30 20 0.9 0.1
1 SP/n6.txt 30 20 0.9 0.1
1 SP/n6.txt 30 20 0.9 0.1
1 SP/n6.txt 30 20 0.9 0.1
1 SP/n6.txt 30 20 0.9 0.1
1 SP/n7.txt 30 20 0.9 0.1
1 SP/n7.txt 30 20 0.9 0.1
1 SP/n7.txt 30 20 0.9 0.1
1 SP/n7.txt 30 20 0.9 0.1
1 SP/n7.txt 30 20 0.9 0.1
1 SP/n7.txt 30 20 0.9 0.1
1 SP/n7.txt 30 20 0.9 0.1
1 SP/n7.txt 30 20 0.9 0.1
1 SP/n7.txt 30 20 0.9 0.1
1 SP/n7.txt 30 20 0.9 0.1
1 SP/n8.txt 30 20 0.9 0.1
1 SP/n8.txt 30 20 0.9 0.1
1 SP/n8.txt 30 20 0.9 0.1
1 SP/n8.txt 30 20 0.9 0.1
1 SP/n8.txt 30 20 0.9 0.1
1 SP/n8.txt 30 20 0.9 0.1
1 SP/n8.txt 30 20 0.9 0.1
1 SP/n8.txt 30 20 0.9 0.1
1 SP/n8.txt 30 20 0.9 0.1
1 SP/n8.txt 30 20 0.9 0.1
1 SP/n9.txt 30 20 0.9 0.1
1 SP/n9.txt 30 20 0.9 0.1
1 SP/n9.txt 30 20 0.9 0.1
1 SP/n9.txt 30 20 0.9 0.1
1 SP/n9.txt 30 20 0.9 0.1
1 SP/n9.txt 30 20 0.9 0.1
1 SP/n9.txt 30 20 0.9 0.1
1 SP/n9.txt 30 20 0.9 0.1
1 SP/n9.txt 30 20 0.9 0.1
1 SP/n9.txt 30 20 0.9 0.1
1 SP/n10.txt 30 20 0.9 0.1
1 SP/n10.txt 30 20 0.9 0.1
1 SP/n10.txt 30 20 0.9 0.1
1 SP/n10.txt 30 20 0.9 0.1
1 SP/n10.txt 30 20 0.9 0.1
1 SP/n10.txt 30 20 0.9 0.1
1 SP/n10.txt 30 20 0.9 0.1
1 SP/n10.txt 30 20 0.9 0.1
1 SP/n10.txt 30 20 0.9 0.1
1 SP/n10.txt 30 20 0.9 0.1
1 SP/n11.txt 30 20 0.9 0.1
1 SP/n11.txt 30 20 0.9 0.1
1 SP/n11.txt 30 20 0.9 0.1
1 SP/n11.txt 30 20 0.9 0.1
1 SP/n11.txt 30 20 0.9 0.1
1 SP/n11.txt 30 20 0.9 0.1
1 SP/n11.txt 30 20 0.9 0.1
1 SP/n11.txt 30 20 0.9 0.1
1 SP/n11.txt 30 20 0.9 0.1
1 SP/n11.txt 30 20 0.9 0.1
1 SP/n12.txt 30 20 0.9 0.1
1 SP/n12.txt 30 20 0.9 0.1
1 SP/n12.txt 30 20 0.9 0.1
1 SP/n12.txt 30 20 0.9 0.1
1 SP/n12.txt 30 20 0.9 0.1
1 SP/n12.txt 30 20 0.9 0.1
1 SP/n12.txt 30 20 0.9 0.1
1 SP/n12.txt 30 20 0.9 0.1
1 SP/n12.txt 30 20 0.9 0.1
1 SP/n12.txt 30 20 0.9 0.1
1 SP/n13.txt 30 20 0.9 0.1
1 SP/n13.txt 30 20 0.9 0.1
1 SP/n13.txt 30 20 0.9 0.1
1 SP/n13.txt 30 20 0.9 0.1
1 SP/n13.txt 30 20 0.9 0.1
1 SP/n13.txt 30 20 0.9 0.1
1 SP/n13.txt 30 20 0.9 0.1
1 SP/n13.txt 30 20 0.9 0.1
1 SP/n13.txt 30 20 0.9 0.1
1 SP/n13.txt 30 20 0.9 0.1